Vernier Format 2
1_500g.cmbl 11/20/17 4:11 PM .
Latest
Time	Angle	Velocity	Acceleration
t	Angle	v	a
s	rad	rad/s	rad/s²

0	0	5.25538030323	1.76579916297
0.05	0.261799387799	5.31840608177	2.35511712646
0.1	0.523598775598	5.45706279457	3.00422877728
0.15	0.802851455917	5.67232006898	2.84585630811
0.2	1.09955742876	5.75958653158	2.4030598127
0.25	1.37881010908	5.84685299418	2.96921445586
0.3	1.67551608191	6.06986728749	3.31289348758
0.35	1.98967534727	6.23470393907	2.74189070761
0.4	2.30383461263	6.32197040167	2.44561568026
0.45	2.61799387799	6.45771823238	2.49948386705
0.5	2.94960643587	6.59346606309	2.30555839461
0.55	3.28121899375	6.67103625207	2.44561568026
0.6	3.61283155163	6.8164803564	2.93581618005
0.65	3.96189740203	6.98131700798	3.11358119646
0.7	4.31096325243	7.14615365955	2.93581618005
0.75	4.67748239534	7.29159776389	2.44561568026
0.8	5.04400153826	7.36916795286	2.30017157593
0.85	5.41052068118	7.50491578358	2.46716295498
0.9	5.79449311662	7.64066361429	2.30017157593
0.95	6.17846555206	7.71823380326	2.44561568026
1	6.5624379875	7.8636779076	2.93581618005
1.05	6.96386371546	8.02851455917	3.11358119646
1.1	7.36528944342	8.19335121075	2.94120299873
1.15	7.78416846389	8.33879531508	2.48332341102
1.2	8.20304748437	8.41636550406	2.48332341102
1.25	8.62192650485	8.56180960839	2.94120299873
1.3	9.05825881785	8.72664625997	3.11358119646
1.35	9.49459113085	8.89148291155	2.93581618005
1.4	9.94837673637	9.03692701588	2.44022886158
1.45	10.4021623419	9.11449720486	2.26246384518
1.5	10.8559479474	9.25024503557	2.28401111989
1.55	11.3271868454	9.37629659266	1.8207447135
1.6	11.7984257435	9.42477796077	1.59988514766
1.65	12.2696646415	9.4829556025	2.29478475725
1.7	12.7409035396	9.63809598046	3.27518575683
1.75	13.2295957301	9.87080654739	3.22670438872
1.8	13.7357412132	9.97746555723	2.768824801
1.85	14.2244334038	10.1229096616	2.65031479007
1.9	14.7480321794	10.2586574923	2.332492488
1.95	15.2541776624	10.3362276813	2.41329476819
2	15.777776438	10.4816717856	2.74727752629
2.05	16.3013752136	10.6368121635	2.60183342195
2.1	16.8424272817	10.7725599943	1.93925472444
2.15	17.3834793499	10.8210413624	1.48137513672
2.2	17.924531418	10.8695227305	1.97157563651
2.25	18.4655834861	11.0052705612	2.75266434497
2.3	19.0240888467	11.1701072128	3.07587346571
2.35	19.5825942074	11.3349438643	2.93042936137
2.4	20.1585528605	11.4803879687	2.44561568026
2.45	20.7345115137	11.5579581577	2.30017157593
2.5	21.3104701669	11.6937059884	2.46716295498
2.55	21.9038821125	11.8294538191	2.29478475725
2.6	22.4972940582	11.9070240081	2.40790794951
2.65	23.0907060039	12.0524681124	2.75266434497
2.7	23.7015712421	12.2076084903	2.63415433403
2.75	24.3124364803	12.343356321	2.08469882877
2.8	24.940755011	12.4015339628	1.77226334539
2.85	25.5516202492	12.4694078781	2.31633203197
2.9	26.1799387799	12.6633333506	2.4617761363
2.95	26.8257106032	12.7409035396	2.24091657046
3	27.4540291339	12.8281700022	2.8981084493
3.05	28.0998009571	13.0511842955	3.12435483382
3.1	28.7630260729	13.2063246734	2.26785066386
3.15	29.4262511886	13.2645023152	1.62681924106
3.2	30.0894763044	13.3129836833	1.96618881783
3.25	30.7527014201	13.448731514	2.57489932856
3.3	31.4333798284	13.6038718919	2.60183342195
3.35	32.1140582367	13.7396197226	2.11701974085
3.4	32.8121899375	13.7977973644	1.95541518048
3.45	33.4928683458	13.8753675534	2.78498525704
3.5	34.1910000466	14.0983818467	3.23747802608
3.55	34.9065850399	14.2632184982	2.55335205384
3.6	35.6221700332	14.3407886872	1.97157563651
3.65	36.3377550265	14.4474476971	1.68068742785
3.7	37.0707933124	14.4959290652	1.77226334539
3.75	37.7863783057	14.5734992542	2.71495661421
3.8	38.5194165915	14.7965135475	3.09203392174
3.85	39.2699081699	14.9516539254	2.29478475725
3.9	40.0203997482	15.0098315672	1.77765016407
3.95	40.7708913266	15.0680092089	2.29478475725
4	41.5213829049	15.2231495868	3.09742074042
4.05	42.2893277758	15.4461638801	2.74727752629
4.1	43.0747259392	15.5237340691	1.91770744972
4.15	43.8426708101	15.5819117109	1.97696245519
4.2	44.6280689735	15.7079632679	2.34326612536
4.25	45.4134671369	15.8437110987	2.38097385612
4.3	46.2163185928	15.9309775613	2.58028614724
4.35	47.0017167562	16.0861179392	2.94658981741
4.4	47.8220215046	16.2897396853	2.26246384518
4.45	48.6423262531	16.2994359589	1.77226334539
4.5	49.445177709	16.4157912424	2.13856701556
4.55	50.28293575	16.5418427995	2.14395383424
4.6	51.1032404984	16.6194129884	2.38097385612
4.65	51.9409985394	16.7648570928	2.77421161968
4.7	52.7787565803	16.9199974707	2.74727752629
4.75	53.6339679138	17.0654415751	2.2301429331
4.8	54.4891792473	17.1333154904	1.8207447135
4.85	55.3443905807	17.2399745003	1.64836651577
4.9	56.2170552067	17.2884558684	1.77226334539
4.95	57.0722665402	17.3660260573	2.74727752629
5	57.9449311662	17.5890403507	3.2320912074
5.05	58.8350490847	17.7538770022	2.55335205384
5.1	59.7251670032	17.8314471912	1.96618881783
5.15	60.6152849218	17.9381062011	1.64297969709
5.2	61.5228561328	17.9865875692	1.59449832898
5.25	62.4129740513	18.0544614845	2.27323748254
5.3	63.3205452624	18.248386957	2.41868158687
5.35	64.2455697659	18.3259571459	2.06315155406
5.4	65.1531409769	18.4035273349	2.45638931762
5.45	66.0781654805	18.5974528074	2.45638931762
5.5	67.0206432766	18.6750229963	2.06315155406
5.55	67.9456677801	18.7525931853	2.41868158687
5.6	68.8881455762	18.9465186578	2.27323748254
5.65	69.8480766648	19.0143925731	1.5891115103
5.7	70.7905544609	19.0628739412	1.60527196634
5.75	71.7504855495	19.1695329511	1.78303698275
5.8	72.7104166381	19.2374068664	2.07931201009
5.85	73.6703477267	19.3731546971	2.41868158687
5.9	74.6477321078	19.5089025278	2.2570770265
5.95	75.6251164889	19.5864727168	2.2570770265
6	76.60250087	19.7222205475	2.41868158687
6.05	77.5973385437	19.8579683782	2.07392519141
6.1	78.5921762173	19.9258422936	1.75071607067
6.15	79.5870138909	20.0325013034	1.45982786201
6.2	80.5993048571	20.0712863979	1.29283648296
6.25	81.5941425307	20.119767766	1.90154699369
6.3	82.6064334969	20.2555155968	2.5910597846
6.35	83.618724463	20.4106559747	2.70956979553
6.4	84.6484687217	20.556100079	2.21936929575
6.45	85.6782129804	20.6239739944	1.78303698275
6.5	86.7079572391	20.7306330042	1.46521468069
6.55	87.7551547903	20.7694180987	1.29283648296
6.6	88.784899049	20.8178994668	1.89616017501
6.65	89.8320966001	20.9536472976	2.55873887252
6.7	90.8792941513	21.1087876755	2.5641256912
6.75	91.9439449951	21.2445355062	1.92848108708
6.8	93.0085958388	21.2930168743	1.43828058729
6.85	94.0732466825	21.3414982424	1.75071607067
6.9	95.1378975262	21.4675497995	2.09008564745
6.95	96.2200016624	21.5936013566	1.74532925199
7	97.3021057987	21.6420827247	1.40595967522
7.05	98.3842099349	21.6905640928	1.78303698275
7.1	99.4663140712	21.8166156499	2.27323748254
7.15	100.5658715	21.9523634806	2.21936929575
7.2	101.665428929	22.0299336696	2.21936929575
7.25	102.764986357	22.1656815003	2.26785066386
7.3	103.881997079	22.2917330574	1.75071607067
7.35	104.9990078	22.3402144255	1.26051557088
7.4	106.116018521	22.37899952	1.45444104333
7.45	107.233029243	22.4856585299	1.75071607067
7.5	108.367493256	22.5535324452	2.06853837273
7.55	109.484503978	22.6892802759	2.38636067479
7.6	110.636421284	22.8250281066	2.10624610349
7.65	111.770885298	22.892902022	1.93386790576
7.7	112.922802604	23.0092573055	1.93386790576
7.75	114.07471991	23.0771312208	2.10624610349
7.8	115.226637217	23.2128790515	2.38636067479
7.85	116.396007816	23.3486268822	2.07392519141
7.9	117.565378414	23.4165007976	1.78303698275
7.95	118.734749013	23.5231598074	1.60527196634
8	119.921572905	23.5716411755	1.58372469162
8.05	121.090943503	23.6395150909	2.23552975178
8.1	122.277767395	23.8334405633	2.23552975178
8.15	123.482044579	23.9013144787	1.58372469162
8.2	124.66886847	23.9497958468	1.60527196634
8.25	125.873145654	24.0564548567	1.77765016407
8.3	127.077422838	24.124328772	2.03621746066
8.35	128.281700022	24.2600766027	2.19782202103
8.4	129.503430498	24.3861281598	1.59449832898
8.45	130.725160974	24.4249132543	0.937306450145
8.5	131.946891451	24.4443058015	0.96424054354
8.55	133.168621927	24.483090896	1.74532925199
8.6	134.390352404	24.6188387267	2.52641796045
8.65	135.629536172	24.7739791047	2.55335205384
8.7	136.868719941	24.9097269354	1.89616017501
8.75	138.125357003	24.9582083035	1.28744966428
8.8	139.364540772	24.996993398	1.42212013125
8.85	140.621177833	25.1036524079	1.56217741691
8.9	141.877814895	25.1618300496	1.56217741691
8.95	143.134451956	25.2684890594	1.42212013126
9	144.40854231	25.3072741539	1.2820628456
9.05	145.665179371	25.355755522	1.85845244425
9.1	146.939269725	25.4915033527	2.37558703744
9.15	148.213360079	25.6369474571	2.09008564745
9.2	149.504903726	25.7436064669	1.10968464787
9.25	150.796447372	25.7048213724	0.91037235675
9.3	152.070537726	25.7533027405	2.0523779167
9.35	153.362081373	25.9569244866	2.39174749347
9.4	154.671078312	26.0829760437	1.22280784013
9.45	155.980075251	26.0441909492	0.619484148084
9.5	157.271618897	26.0635834964	1.45444104333
9.55	158.580615836	26.1896350535	2.37558703744
9.6	159.889612775	26.3447754315	2.4887102297
9.65	161.216063007	26.4805232622	1.73994243332
9.7	162.542513238	26.5193083567	0.96424054354
9.75	163.86896347	26.5387009039	0.929764903995
9.8	165.195413701	26.5774859984	1.54763300648
9.85	166.521863933	26.7035375555	1.98181059201
9.9	167.865767457	26.8257106032	1.52716309551
9.95	169.209670981	26.8635260703	0.900137401279
10	170.553574505	26.8780704807	0.513902501998
