Vernier Format 2
1_500g.cmbl 11/20/17 4:43 PM .
Latest
Time	Angle	Velocity	Acceleration
t	Angle	v	a
s	rad	rad/s	rad/s²

0	0	10.4913680592	1.95110572553
0.05	0.523598775598	10.5543938378	2.97783336575
0.1	1.0471975512	10.7163216072	4.47806236785
0.15	1.58824961931	11.0052705612	5.8969504079
0.2	2.14675497995	11.344640138	6.63602193065
0.25	2.72271363311	11.6937059884	6.73783280369
0.3	3.31612557879	12.0330755651	6.45879559611
0.35	3.92699081699	12.3530525947	5.93627418425
0.4	4.55530934771	12.6051557088	5.75312234917
0.45	5.18362787842	12.9154364648	5.77466962388
0.5	5.84685299418	13.216020947	5.31679003617
0.55	6.51007810994	13.4390352404	5.12286456372
0.6	7.19075651822	13.6717458073	5.93088736557
0.65	7.87143492649	14.0111153841	7.06211928816
0.7	8.58701991981	14.4377514234	7.08905338156
0.75	9.32005820565	14.7771210002	6.08171828859
0.8	10.070549784	15.0195278408	5.45146050314
0.85	10.8210413624	15.2619346813	5.83931144803
0.9	11.5889862332	15.630393079	5.92550054689
0.95	12.3918376892	15.8824961931	5.58613097012
1	13.1772358526	16.1345993073	6.09787874462
1.05	13.997540601	16.5127539786	6.27564376103
1.1	14.835298642	16.78424964	6.08171828859
1.15	15.6730566829	17.1042266695	6.09787874462
1.2	16.5457213089	17.4145074255	5.78544326124
1.25	17.4183859349	17.6666105396	5.75850916785
1.3	18.3085038534	17.9768912955	5.94704782161
1.35	19.2160750645	18.2871720515	5.75312234917
1.4	20.141099568	18.5392751656	5.75312234917
1.45	21.0661240716	18.8495559215	5.95243464029
1.5	22.0260551602	19.1598366774	5.78544326124
1.55	22.9859862488	19.4119397916	5.90395327218
1.6	23.9633706299	19.7319168212	6.27564376103
1.65	24.9582083035	20.0615901243	6.27564376103
1.7	25.9704992697	20.3815671538	5.8985664535
1.75	27.0002435284	20.633670268	5.74773553049
1.8	28.029987787	20.9439510239	5.7692828052
1.85	29.0946386307	21.2445355062	5.27908230542
1.9	30.1592894745	21.4675497995	4.93971272864
1.95	31.2413936107	21.6905640928	5.45146050314
2	32.3234977469	22.0008448488	6.20022829952
2.05	33.4405084682	22.3402144255	6.32843458408
2.1	34.5575191895	22.6698877287	5.63946047504
2.15	35.7094364958	22.9510796637	4.04388478232
2.2	36.8613538021	23.0557994188	2.80707121362
2.25	38.0132711084	23.1789420938	2.44453831653
2.3	39.1826417073	23.2904492405	2.27431484627
