Vernier Format 2
Untitled.cmbl 10/2/17 4:49 PM .
Latest
Time	Position	Velocity	Acceleration
t	x	v	acc
s	m	m/s	m/s²

0	0.6570165	0.193223333333	-1.27991932099
0.05	0.668164	0.142059166667	-1.61596933642
0.1	0.67571	0.0497921666667	-2.01090101852
0.15	0.6745095	-0.0679330555556	-2.22369864198
0.2	0.6686785	-0.188935833333	-2.0958887963
0.25	0.6549585	-0.292788611111	-1.60646802469
0.3	0.637637	-0.356338888889	-0.923400462963
0.35	0.6182575	-0.3884475	-0.149268518519
0.4	0.59682	-0.373679444444	0.659216358025
0.45	0.578984	-0.314893055556	1.31102222222
0.5	0.5647495	-0.235240833333	1.78894614198
0.55	0.5544595	-0.131483333333	2.11643703704
0.6	0.550858	-0.0133388888889	2.20329861111
0.65	0.5534305	0.0999463888889	2.04693719136
0.7	0.561834	0.194271388889	1.77745987654
0.75	0.5729815	0.279640277778	1.41535138889
0.8	0.590303	0.347382777778	0.814625
0.85	0.609854	0.368534444444	0.0557375
0.9	0.628719	0.350526944444	-0.675572376543
0.95	0.646212	0.297457222222	-1.32330246914
1	0.6597605	0.212850555556	-1.83039197531
1.05	0.6683355	0.106901666667	-2.14899027778
1.1	0.670908	-0.0105758333333	-2.24950833333
1.15	0.6673065	-0.127862777778	-2.10775617284
1.2	0.657531	-0.230858055556	-1.7362257716
1.25	0.643125	-0.307651944444	-1.20341126543
1.3	0.625632	-0.354909722222	-0.570396296296
1.35	0.6062525	-0.367200555556	0.119361882716
1.4	0.5873875	-0.342237777778	0.792552314815
1.45	0.570752	-0.284499444444	1.38618580247
1.5	0.5578895	-0.199511666667	1.86961466049
1.55	0.549829	-0.0915619444444	2.20044027778
1.6	0.5482855	0.0287738888889	2.3237191358
1.65	0.5527445	0.148633333333	2.22553009259
1.7	0.5630345	0.264586388889	1.82372253086
1.75	0.5808705	0.344143333333	1.14148070988
1.8	0.599564	0.377014166667	0.443623919753
1.85	0.619115	0.386827777778	-0.237770987654
1.9	0.6398665	0.357005833333	-0.960929320988
1.95	0.6566735	0.285738055556	-1.57023070988
2	0.669193	0.191889444444	-1.99951003086
2.05	0.6765675	0.0796522222222	-2.25760694444
2.1	0.6775965	-0.0418269444444	-2.31000972222
2.15	0.67228	-0.161019444444	-2.12511790123
2.2	0.6607895	-0.262966666667	-1.71844058642
2.25	0.645183	-0.341666111111	-1.11220925926
2.3	0.6247745	-0.379110277778	-0.392809104938
2.35	0.6055665	-0.375870833333	0.261643364198
2.4	0.586873	-0.353956944444	0.925517746914
2.45	0.5681795	-0.2872625	1.61908703704
2.5	0.556346	-0.181599444444	2.08721851852
2.55	0.549829	-0.0657416666667	2.26956959877
2.6	0.5496575	0.0536413888889	2.2253183642
2.65	0.5554885	0.16464	1.97500246914
2.7	0.5668075	0.258393333333	1.5436587963
2.75	0.582414	0.324897222222	0.966010802469
2.8	0.600593	0.358720833333	0.297795987654
2.85	0.619801	0.355290833333	-0.388680401235
2.9	0.6374655	0.317560833333	-1.02333626543
2.95	0.652729	0.249627777778	-1.56763703704
3	0.6635335	0.155016944444	-1.96309274691
3.05	0.66885	0.0449711111111	-2.15565972222
3.1	0.668164	-0.0691716666667	-2.13178734568
3.15	0.661647	-0.176168611111	-1.89904490741
3.2	0.649985	-0.26754	-1.45679722222
3.25	0.6336925	-0.329661111111	-0.828122685185
3.3	0.6155135	-0.354052222222	-0.109040123457
3.35	0.59682	-0.341189722222	0.610465895062
3.4	0.5794985	-0.286119166667	1.18430277778
3.45	0.567665	-0.212945833333	1.5561507716
3.5	0.558061	-0.130244722222	1.87501373457
3.55	0.5534305	-0.0235336111111	2.10828549383
3.6	0.555317	0.0911808333333	2.10945
3.65	0.5630345	0.197225	1.87321404321
3.7	0.5757255	0.285452222222	1.44017654321
3.75	0.592361	0.350145833333	0.802979938272
3.8	0.612598	0.372059722222	0.0313358024691
3.85	0.631463	0.34986	-0.697115740741
3.9	0.6484415	0.299172222222	-1.35453240741
3.95	0.662676	0.215041944444	-1.95552345679
4	0.671937	0.0919430555556	-2.27618611111
4.05	0.671937	-0.0343	-2.15592438272
4.1	0.666792	-0.13034	-1.85087669753
4.15	0.65856	-0.214660833333	-1.56986018519
4.2	0.6453545	-0.291835833333	-1.18409104938
4.25	0.6282045	-0.341951944444	-0.622428549383
4.3	0.6096825	-0.357386944444	0.0254074074074
4.35	0.5911605	-0.338903055556	0.673190432099
4.4	0.574525	-0.288024722222	1.2647595679
4.45	0.561148	-0.207800833333	1.73813132716
4.5	0.552916	-0.106806388889	2.03365123457
4.55	0.550172	0.00295361111111	2.13909197531
4.6	0.5530875	0.114714444444	2.0451904321
4.65	0.5620055	0.216661666667	1.72860354938
4.7	0.5757255	0.295265833333	1.22336666667
4.75	0.592704	0.343952777778	0.595803703704
4.8	0.611569	0.35672	-0.0706643518518
4.85	0.6299195	0.333376944444	-0.667632561728
4.9	0.645869	0.283927777778	-1.14635046296
4.95	0.6587315	0.2186625	-1.59674969136
5	0.6690215	0.124528055556	-2.01295478395
5.05	0.6721085	0.00952777777778	-2.2379162037
5.1	0.670222	-0.111284444444	-2.17762654321
5.15	0.660618	-0.2220925	-1.7965683642
5.2	0.646555	-0.299743888889	-1.20436404321
5.25	0.6292335	-0.343666944444	-0.554834259259
5.3	0.610883	-0.353575833333	0.0852736111111
5.35	0.593047	-0.337283333333	0.753700154321
5.4	0.5753825	-0.279926111111	1.41842145062
5.45	0.5633775	-0.185505833333	1.86204537037
5.5	0.5565175	-0.0804144444444	2.01745401235
5.55	0.5554885	0.02401	1.97849598765
5.6	0.559433	0.118620833333	1.86135725309
5.65	0.5671505	0.212850555556	1.64311820988
5.7	0.581042	0.29498	1.16868780864
5.75	0.5983635	0.339188888889	0.485969598765
5.8	0.6165425	0.344429166667	-0.239041358025
5.85	0.634207	0.313178055556	-0.916360493827
5.9	0.649299	0.247341111111	-1.4619316358
5.95	0.6597605	0.159590277778	-1.8308154321
6	0.665763	0.0581194444444	-2.03418055556
6.05	0.6659345	-0.0510688888889	-2.05006018519
6.1	0.6604465	-0.155302777778	-1.85807546296
6.15	0.6498135	-0.244482777778	-1.47521759259
6.2	0.6350645	-0.309748055556	-0.926417592593
6.25	0.6174	-0.340618055556	-0.287050771605
6.3	0.5997355	-0.338617222222	0.365019753086
6.35	0.5822425	-0.303459722222	0.992265123457
6.4	0.568008	-0.235240833333	1.51846311728
6.45	0.5578895	-0.145393888889	1.90005061728
6.5	0.552916	-0.0397308333333	2.13051697531
6.55	0.553602	0.0733638888889	2.18477237654
6.6	0.559776	0.191413055556	1.9509712963
6.65	0.5740105	0.282689166667	1.41360462963
6.7	0.58996	0.332805277778	0.818224382716
6.75	0.6076245	0.364818611111	0.188702932099
6.8	0.628033	0.357863333333	-0.539007561728
6.85	0.6453545	0.307651944444	-1.191925
6.9	0.6597605	0.2306675	-1.67249552469
6.95	0.669193	0.133388888889	-1.97404969136
7	0.6734805	0.0263919444444	-2.09621697531
7.05	0.671937	-0.0828916666667	-2.04826049383
7.1	0.6649055	-0.185315277778	-1.8265279321
7.15	0.652729	-0.271065277778	-1.45404475309
7.2	0.6371225	-0.337473888889	-0.913555092593
7.25	0.6175715	-0.369201388889	-0.215433641975
7.3	0.5987065	-0.362531944444	0.556051697531
7.35	0.5794985	-0.312415833333	1.28376219136
7.4	0.5657785	-0.223521666667	1.77846558642
7.45	0.5568605	-0.123098888889	2.01147268519
7.5	0.553259	-0.0161019444444	2.06784537037
7.55	0.555317	0.0888941666667	1.97357330247
7.6	0.5623485	0.187411388889	1.71965802469
7.65	0.5746965	0.268969166667	1.27640462963
7.7	0.5904745	0.321086111111	0.689122993827
7.75	0.608139	0.340046388889	0.0392756172839
7.8	0.6258035	0.324897222222	-0.609301388889
7.85	0.6419245	0.277163055556	-1.20023533951
7.9	0.654787	0.199225833333	-1.65439274691
7.95	0.6625045	0.1037575	-1.92005895062
8	0.66542	0.000571666666666	-2.00977885802
8.05	0.662676	-0.104233888889	-1.91471280864
8.1	0.6546155	-0.199130555556	-1.61728734568
8.15	0.6419245	-0.273447222222	-1.13306450617
8.2	0.6261465	-0.318323055556	-0.50978904321
8.25	0.6086535	-0.327755555556	0.175205246914
8.3	0.5915035	-0.295646944444	0.760316666667
8.35	0.5784695	-0.24353	1.18276774691
8.4	0.5668075	-0.177597777778	1.56885447531
8.45	0.559433	-0.0850830555556	1.88073040123
8.5	0.557718	0.0201988888889	1.97844305556
8.55	0.5616625	0.1226225	1.8479654321
8.6	0.5705805	0.211040277778	1.55339830247
8.65	0.583443	0.282403333333	1.12491296296
8.7	0.5997355	0.328708333333	0.554728395062
8.75	0.6172285	0.347478055556	-0.20622345679
8.8	0.636951	0.311463055556	-1.01428487654
8.85	0.6501565	0.234192777778	-1.57250679012
8.9	0.660961	0.139677222222	-1.81525339506
8.95	0.664048	0.0433513888889	-1.83303858025
9	0.664734	-0.0433513888889	-1.80456111111
9.05	0.660275	-0.137962222222	-1.72034614198
9.1	0.650671	-0.224283888889	-1.4448345679
9.15	0.636951	-0.290311388889	-0.987183641975
9.2	0.620487	-0.327565	-0.406730246914
9.25	0.602994	-0.3335675	0.236288888889
9.3	0.5856725	-0.303936111111	0.872215123457
9.35	0.5712665	-0.241815	1.40291234568
9.4	0.5606335	-0.157113055556	1.77613657407
9.45	0.554974	-0.0574525	1.97378503086
9.5	0.554631	0.0479247222222	1.97743734568
9.55	0.5599475	0.148633333333	1.7795242284
9.6	0.5702375	0.232191944444	1.41969182099
9.65	0.5839575	0.294884722222	0.945420216049
9.7	0.6007645	0.330613888889	0.385663271605
9.75	0.618429	0.333662777778	-0.186215123457
9.8	0.635236	0.308795277778	-0.716753549383
9.85	0.6498135	0.264014722222	-1.27672222222
9.9	0.663019	0.185982222222	-1.87591358025
9.95	0.670565	0.0654558333333	-2.22320108025
10	0.669536	-0.0575477777778	-2.13120509259
10.05	0.6635335	-0.1569225	-1.79577438272
10.1	0.6532435	-0.238385	-1.38158070988
10.15	0.6388375	-0.297647777778	-0.89566404321
10.2	0.6223735	-0.329565833333	-0.352739506173
10.25	0.6052235	-0.338807777778	0.306582716049
10.3	0.58653	-0.303459722222	1.0292117284
10.35	0.5729815	-0.226189444444	1.5476287037
10.4	0.563549	-0.135866111111	1.7920691358
10.45	0.5592615	-0.0397308333333	1.85378796296
10.5	0.5599475	0.0505925	1.8434132716
10.55	0.563892	0.1466325	1.74686512346
10.6	0.5746965	0.236765277778	1.40169490741
10.65	0.588931	0.296790277778	0.834527469136
10.7	0.605738	0.323372777778	0.175469907407
10.75	0.6227165	0.313559166667	-0.475753703704
10.8	0.638323	0.272494444444	-1.05011990741
10.85	0.651014	0.204370833333	-1.51544598765
10.9	0.659589	0.115571944444	-1.83616157407
10.95	0.6631905	0.0126719444444	-1.95885817901
11	0.6607895	-0.0894658333333	-1.86220416667
11.05	0.653758	-0.180360833333	-1.58843935185
11.1	0.642096	-0.253915277778	-1.16895246914
11.15	0.627347	-0.30184	-0.637778858025
11.2	0.6107115	-0.320038055556	-0.0469507716049
11.25	0.594076	-0.306413333333	0.547794290123
11.3	0.578984	-0.264205277778	1.11300324074
11.35	0.5664645	-0.192842222222	1.6121
11.4	0.558747	-0.0973738888889	1.96409845679
11.45	0.5561745	0.0114333333333	2.10611527778
11.5	0.559433	0.126719444444	1.94599567901
11.55	0.570066	0.217709722222	1.52550308642
11.6	0.5825855	0.278306388889	1.06531141975
11.65	0.5980205	0.326421666667	0.537313734568
11.7	0.616714	0.339284166667	-0.119256018519
11.75	0.6336925	0.312892222222	-0.748248148148
11.8	0.648956	0.259536666667	-1.27502839506
11.85	0.660618	0.181123055556	-1.68175864198
11.9	0.667821	0.0850830555556	-1.92588148148
11.95	0.669536	-0.0201036111111	-1.97251466049
12	0.66542	-0.118811388889	-1.85564058642
12.05	0.657188	-0.207610277778	-1.64147731481
12.1	0.6446685	-0.289739722222	-1.24469830247
12.15	0.627347	-0.347001666667	-0.550229166667
12.2	0.607453	-0.350526944444	0.26238441358
12.25	0.5904745	-0.310891388889	0.900163271605
12.3	0.575897	-0.252295555556	1.3547970679
12.35	0.5644065	-0.172643333333	1.70287854938
12.4	0.5578895	-0.0766033333333	1.90735524691
12.45	0.5565175	0.0256297222222	1.93138641975
12.5	0.5606335	0.123861111111	1.77010231481
12.55	0.56938	0.209420555556	1.43763580247
12.6	0.582414	0.273828333333	0.956906481481
12.65	0.5980205	0.308128333333	0.395561574074
12.7	0.614313	0.313940277778	-0.187326697531
12.75	0.6306055	0.289453888889	-0.764233641975
12.8	0.644497	0.234764444444	-1.27100555556
12.85	0.6549585	0.157494166667	-1.65645709877
12.9	0.660961	0.0626927777778	-1.87723688272
12.95	0.6614755	-0.0383016666667	-1.89343410494
13	0.6570165	-0.135770833333	-1.68324074074
13.05	0.647241	-0.215804166667	-1.26285401235
13.1	0.634207	-0.267349444444	-0.727022376543
13.15	0.6189435	-0.28469	-0.240682253086
13.2	0.605395	-0.287071944444	0.178963425926
13.25	0.5897885	-0.273066111111	0.699074228395
13.3	0.57624	-0.219710555556	1.25030910494
13.35	0.5668075	-0.141201666667	1.65889197531
13.4	0.561491	-0.0457333333333	1.8737433642
13.45	0.5620055	0.0550705555556	1.86749737654
13.5	0.567322	0.148728611111	1.66429104938
13.55	0.5774405	0.227904444444	1.29133148148
13.6	0.590989	0.284308888889	0.759046296296
13.65	0.60711	0.308890555556	0.117138734568
13.7	0.6234025	0.296980833333	-0.530961882716
13.75	0.6384945	0.247722222222	-1.01693148148
13.8	0.6484415	0.1860775	-1.31329830247
13.85	0.657188	0.117382222222	-1.58441651235
13.9	0.661304	0.0264872222222	-1.79344537037
13.95	0.6601035	-0.0705055555556	-1.81033070988
14	0.654101	-0.163973055556	-1.60622453704
14.05	0.6429535	-0.239337777778	-1.20293487654
14.1	0.629062	-0.288215277778	-0.690181635802
14.15	0.6131125	-0.310224444444	-0.123225925926
14.2	0.59682	-0.301458888889	0.459821141975
14.25	0.581728	-0.262395	0.996287962963
14.3	0.5695515	-0.197415555556	1.42911373457
14.35	0.5613195	-0.114523888889	1.73347330247
14.4	0.5575465	-0.0183886111111	1.88522962963
14.45	0.5592615	0.0821294444444	1.83822592593
14.5	0.5661215	0.173977222222	1.58849228395
14.55	0.5774405	0.24696	1.19218966049
14.6	0.5918465	0.295646944444	0.719558950617
14.65	0.6079675	0.319180555556	0.214269135802
14.7	0.6244315	0.321371944444	-0.37857037037
14.75	0.641753	0.285166388889	-1.0332345679
14.8	0.654444	0.2135175	-1.58182283951
14.85	0.664048	0.118049166667	-1.92000601852
14.9	0.666792	0.00990888888889	-1.98791790123
14.95	0.6645625	-0.0896563888889	-1.83674382716
15	0.6573595	-0.177693055556	-1.56377299383
15.05	0.646212	-0.250104166667	-1.17662762346
15.1	0.631463	-0.299743888889	-0.674619598765
15.15	0.615342	-0.323753888889	-0.0438277777778
15.2	0.5973345	-0.307270833333	0.636032098765
15.25	0.5829285	-0.252390833333	1.15571944444
15.3	0.5716095	-0.181980555556	1.46971265432
15.35	0.5644065	-0.100803888889	1.66175030864
15.4	0.561491	-0.0159113888889	1.80784290123
15.45	0.5620055	0.0833680555556	1.84193117284
15.5	0.569723	0.181980555556	1.58378132716
15.55	0.5815565	0.252295555556	1.08521388889
15.6	0.596134	0.293169722222	0.495073919753
15.65	0.6120835	0.302411666667	-0.115974228395
15.7	0.62769	0.279640277778	-0.680706790123
15.75	0.641067	0.230476944444	-1.15434320988
15.8	0.6515285	0.160447777778	-1.52460324074
15.85	0.657874	0.0726016666667	-1.75443441358
15.9	0.6590745	-0.0224855555556	-1.80350246914
15.95	0.655473	-0.114619166667	-1.67715354938
16	0.647241	-0.196653333333	-1.38417438272
16.05	0.6350645	-0.259536666667	-0.934939660494
16.1	0.620144	-0.294503611111	-0.380952314815
16.15	0.604366	-0.298600555556	0.203365123457
16.2	0.5891025	-0.272780277778	0.760951851852
16.25	0.5760685	-0.2203775	1.26269521605
16.3	0.5661215	-0.143583611111	1.67180740741
16.35	0.560805	-0.0465908333333	1.90656126543
16.4	0.5609765	0.0595486111111	1.86987932099
16.45	0.567665	0.149586111111	1.61718148148
16.5	0.5767545	0.220949166667	1.30710524691
16.55	0.589617	0.286214444444	0.856070833333
16.6	0.6069385	0.316322222222	0.21993287037
16.65	0.6230595	0.306222777778	-0.394185339506
16.7	0.638323	0.272208611111	-0.914666666667
16.75	0.651357	0.211611944444	-1.34098179012
16.8	0.660275	0.132245555556	-1.62676219136
16.85	0.6649055	0.0435419444444	-1.78651126543
16.9	0.664734	-0.049735	-1.84695972222
16.95	0.659932	-0.143488333333	-1.80127932099
17	0.6508425	-0.240385833333	-1.5008367284
17.05	0.634893	-0.311748888889	-0.834051080247
17.1	0.617057	-0.328327222222	-0.0581723765432
17.15	0.600593	-0.3078425	0.550705555556
17.2	0.5856725	-0.266491944444	1.00533935185
17.25	0.573153	-0.205037777778	1.37311157407
17.3	0.5644065	-0.125766666667	1.64417685185
17.35	0.560119	-0.0350622222222	1.7793125
17.4	0.560805	0.0584052777778	1.75676342593
17.45	0.5661215	0.147204166667	1.56694891975
17.5	0.5760685	0.221997222222	1.20944552469
17.55	0.589274	0.273447222222	0.72199382716
17.6	0.6045375	0.296885555556	0.163718981481
17.65	0.620144	0.290311388889	-0.407894753086
17.7	0.6347215	0.2546775	-0.9389625
17.75	0.6467265	0.19208	-1.36294861111
17.8	0.6546155	0.111760833333	-1.62676219136
17.85	0.658217	0.0227713888889	-1.71828179012
17.9	0.6570165	-0.0675519444444	-1.62755617284
17.95	0.651014	-0.147394722222	-1.37263518519
18	0.6412385	-0.205990555556	-1.06107685185
18.05	0.630091	-0.252771944444	-0.723052469136
18.1	0.615685	-0.286405	-0.22167962963
18.15	0.5997355	-0.282212777778	0.415569907407
18.2	0.585844	-0.240862222222	0.982102160494
18.25	0.574868	-0.176835555556	1.39274938272
18.3	0.5674935	-0.0956588888889	1.64587067901
18.35	0.564921	-0.00562138888889	1.72997978395
18.4	0.566979	0.0839397222222	1.64677052469
18.45	0.5736675	0.165021111111	1.40127145062
18.5	0.5839575	0.231143888889	0.987924691358
18.55	0.597849	0.271160555556	0.428485339506
18.6	0.612941	0.271446388889	-0.0970774691358
18.65	0.6254605	0.254868055556	-0.509047993827
18.7	0.6388375	0.22295	-0.942191358025
18.75	0.6491275	0.161495833333	-1.36300154321
18.8	0.655816	0.0803191666667	-1.64332993827
18.85	0.657531	-0.0110522222222	-1.73093256173
18.9	0.6546155	-0.100518055556	-1.6249625
18.95	0.6470695	-0.179789166667	-1.3589257716
19	0.635922	-0.241338611111	-0.964528703704
19.05	0.6220305	-0.279830833333	-0.47548904321
19.1	0.6069385	-0.292026388889	0.0834209876543
19.15	0.5915035	-0.272303888889	0.65339382716
19.2	0.5784695	-0.222664166667	1.13486419753
19.25	0.5685225	-0.153397222222	1.48643919753
19.3	0.56252	-0.0687905555556	1.69827345679
19.35	0.5613195	0.0230572222222	1.74585941358
19.4	0.564921	0.112618333333	1.63390802469
19.45	0.573153	0.190650833333	1.40270061728
19.5	0.584472	0.255058611111	1.08150864198
19.55	0.598878	0.307747222222	0.565420679012
19.6	0.617057	0.320038055556	-0.122908333333
19.65	0.632492	0.293646111111	-0.784771296296
19.7	0.647584	0.236574722222	-1.32796049383
19.75	0.6573595	0.1517775	-1.65889197531
19.8	0.6628475	0.0615494444444	-1.7748132716
19.85	0.6635335	-0.0302983333333	-1.75416975309
19.9	0.6597605	-0.118906666667	-1.59870817901
19.95	0.6511855	-0.195891111111	-1.30885200617
20	0.639352	-0.25382	-0.912708179012
20.05	0.624946	-0.289453888889	-0.441506635802
20.1	0.6096825	-0.3026975	0.122696604938
20.15	0.593047	-0.279735555556	0.72501095679
20.2	0.5801845	-0.222187777778	1.18065046296
20.25	0.5709235	-0.157398888889	1.5265617284
20.3	0.5633775	-0.0695527777778	1.81101882716
20.35	0.5630345	0.0352527777778	1.8392316358
20.4	0.567665	0.126433611111	1.60204290123
20.45	0.5764115	0.200369166667	1.22140817901
20.5	0.588588	0.2512475	0.75846404321
20.55	0.6024795	0.27783	0.252062654321
20.6	0.6174	0.277925277778	-0.283768981481
20.65	0.631463	0.248865555556	-0.800015740741
20.7	0.6432965	0.194557222222	-1.2349587963
20.75	0.6517	0.120335833333	-1.5437117284
20.8	0.655816	0.0340141666667	-1.69467407407
20.85	0.6553015	-0.056595	-1.66302067901
20.9	0.6498135	-0.139486666667	-1.45531512346
20.95	0.640724	-0.207038611111	-1.11718487654
21	0.628376	-0.255249166667	-0.675095987654
21.05	0.6141415	-0.277448888889	-0.159431481481
21.1	0.599564	-0.272494444444	0.393920679012
21.15	0.585844	-0.239051944444	0.952777777778
21.2	0.5743535	-0.175215833333	1.43488333333
21.25	0.566979	-0.0836538888889	1.66566728395
21.3	0.5664645	0.00285833333333	1.65275185185
21.35	0.5678365	0.0807002777778	1.59627330247
21.4	0.5740105	0.1637825	1.46076712963
21.45	0.5843005	0.239718888889	1.06801095679
21.5	0.5997355	0.279640277778	0.487716358025
21.55	0.6137985	0.284213611111	-0.0440924382716
21.6	0.6285475	0.272018055556	-0.514129475309
21.65	0.642096	0.233430555556	-0.969980709877
21.7	0.6529005	0.171881111111	-1.35850231481
21.75	0.6597605	0.0946108333333	-1.67291898148
21.8	0.6628475	0.00371583333333	-1.9078316358
21.85	0.661304	-0.106806388889	-1.88041280864
21.9	0.6517	-0.205037777778	-1.43266018519
21.95	0.6384945	-0.257154722222	-0.814148611111
22	0.6247745	-0.278782777778	-0.304041975309
22.05	0.610197	-0.283546666667	0.124231635802
22.1	0.5956195	-0.267825833333	0.557957253086
22.15	0.582414	-0.228190277778	0.989777314815
22.2	0.5719525	-0.166926666667	1.36961805556
22.25	0.564921	-0.0866075	1.63226712963
22.3	0.562863	0.00390638888889	1.71383549383
22.35	0.5654355	0.0923241666667	1.60918873457
22.4	0.572467	0.171214166667	1.34061126543
22.45	0.5832715	0.231906111111	0.936157098765
22.5	0.5966485	0.268302222222	0.446111728395
22.55	0.611226	0.277067777778	-0.0658475308642
22.6	0.625289	0.260965833333	-0.559121759259
22.65	0.638323	0.219615277778	-0.99814058642
22.7	0.64827	0.155588611111	-1.30805802469
22.75	0.6542725	0.0807002777778	-1.44986311728
22.8	0.6559875	0.00914666666667	-1.53524259259
22.85	0.6556445	-0.0717441666667	-1.59584984568
22.9	0.6491275	-0.156731944444	-1.48823888889
22.95	0.6398665	-0.234859722222	-1.07155740741
23	0.6240885	-0.277353611111	-0.382063888889
23.05	0.609854	-0.270588888889	0.266513117284
23.1	0.5959625	-0.2375275	0.669802777778
23.15	0.5860155	-0.19551	0.910114506173
23.2	0.5767545	-0.1534925	1.23982854938
23.25	0.5688655	-0.0765080555556	1.62279228395
23.3	0.568008	0.022295	1.73246759259
23.35	0.571781	0.1106175	1.53439567901
23.4	0.57967	0.183028611111	1.14391558642
23.45	0.5911605	0.229238333333	0.656252160494
23.5	0.604023	0.244578055556	0.230836882716
23.55	0.6158565	0.248103333333	-0.127248765432
23.6	0.6292335	0.237146388889	-0.56981404321
23.65	0.641067	0.193985555556	-1.05149614198
23.7	0.649642	0.126624166667	-1.42090925926
23.75	0.6542725	0.0444947222222	-1.61850478395
23.8	0.6542725	-0.0425891666667	-1.63014984568
23.85	0.6498135	-0.124909166667	-1.47378842593
23.9	0.64141	-0.196558055556	-1.15571944444
23.95	0.6292335	-0.2461025	-0.705373148148
24	0.615685	-0.268683333333	-0.205058950617
24.05	0.6014505	-0.266777777778	0.303195061728
24.1	0.587902	-0.2375275	0.784083179012
24.15	0.5767545	-0.185029444444	1.18462037037
24.2	0.568694	-0.114428611111	1.47458240741
24.25	0.564921	-0.0332519444444	1.65238132716
24.3	0.5650925	0.0551658333333	1.7062662037
24.35	0.570409	0.143393055556	1.59240925926
24.4	0.5794985	0.225141388889	1.2388757716
24.45	0.5942475	0.277734722222	0.666362191358
24.5	0.609168	0.289168055556	0.10888132716
24.55	0.6234025	0.285642777778	-0.395349845679
24.6	0.639009	0.251628611111	-0.899898611111
24.65	0.649985	0.188745277778	-1.26708858025
24.7	0.657874	0.118335	-1.50311280864
24.75	0.6618185	0.0424938888889	-1.7491412037
24.8	0.6638765	-0.0625022222222	-1.83319737654
24.85	0.6553015	-0.161305277778	-1.5220625
24.9	0.645526	-0.219138888889	-1.0760566358
24.95	0.633178	-0.264395833333	-0.658687037037
25	0.6186005	-0.290978333333	-0.140005401235
25.05	0.602308	-0.281164722222	0.419381018519
25.1	0.589274	-0.242005555556	0.862952006173
25.15	0.5781265	-0.193795	1.26084259259
25.2	0.5685225	-0.116810555556	1.62358626543
25.25	0.5654355	-0.0199130555556	1.74220709877
25.3	0.5671505	0.0680283333333	1.62353333333
25.35	0.5726385	0.146251388889	1.37734614198
25.4	0.5822425	0.210278055556	1.0119558642
25.45	0.5945905	0.251819166667	0.545994598765
25.5	0.608482	0.266968333333	0.0281598765432
25.55	0.6223735	0.2546775	-0.488457407407
25.6	0.6350645	0.215327777778	-0.939333024691
25.65	0.6446685	0.156065	-1.27942175926
25.7	0.6511855	0.0830822222222	-1.50395972222
25.75	0.653415	0.000190555555556	-1.58732777778
25.8	0.6511855	-0.08232	-1.50777083333
25.85	0.64484	-0.156636666667	-1.27402268519
25.9	0.634893	-0.215137222222	-0.896987345679
25.95	0.622545	-0.251819166667	-0.394926388889
26	0.608482	-0.258774444444	0.180022067901
26.05	0.5949335	-0.228380833333	0.649953240741
26.1	0.5853295	-0.18522	0.952142592593
26.15	0.57624	-0.133293611111	1.22410771605
26.2	0.571095	-0.0627880555556	1.46786003086
26.25	0.5695515	0.0182933333333	1.59696141975
26.3	0.57281	0.102709444444	1.56599614198
26.35	0.57967	0.185696388889	1.28736157407
26.4	0.5925325	0.242863055556	0.771379475309
26.45	0.605738	0.261918611111	0.243858179012
26.5	0.6192865	0.262204444444	-0.205006018519
26.55	0.6326635	0.242291388889	-0.661598302469
26.6	0.644497	0.197796666667	-1.13512885802
26.65	0.653415	0.128529722222	-1.5647787037
26.7	0.6587315	0.0318227777778	-1.76756157407
26.75	0.6566735	-0.0663133333333	-1.60003148148
26.8	0.6504995	-0.134818055556	-1.26624166667
26.85	0.6426105	-0.187887777778	-0.982578549383
26.9	0.6316345	-0.23324	-0.683300462963
26.95	0.6186005	-0.261346944444	-0.285251080247
27	0.6045375	-0.265920277778	0.200506790123
27.05	0.5908175	-0.241815	0.698333179012
27.1	0.579327	-0.192365833333	1.11448533951
27.15	0.5709235	-0.125385555556	1.40910540123
27.2	0.566293	-0.0461144444444	1.56467283951
27.25	0.5661215	0.0374441666667	1.56260848765
27.3	0.5702375	0.116429444444	1.4064058642
27.35	0.578298	0.182742777778	1.12613040123
27.4	0.5891025	0.233049444444	0.741419907407
27.45	0.6024795	0.260965833333	0.265666203704
27.5	0.616371	0.260775277778	-0.234595061728
27.55	0.6295765	0.234955	-0.675572376543
27.6	0.640724	0.188459444444	-1.00888580247
27.65	0.648956	0.128339166667	-1.22506049383
27.7	0.653415	0.0657416666667	-1.41238719136
27.75	0.656159	-0.0103852777778	-1.59807299383
27.8	0.653415	-0.103852777778	-1.56525509259
27.85	0.6450115	-0.181885277778	-1.22294320988
27.9	0.633864	-0.231048611111	-0.742902006173
27.95	0.6210015	-0.255249166667	-0.253174228395
28	0.607453	-0.256201944444	0.23067808642
28.05	0.5942475	-0.230286388889	0.677425
28.1	0.5839575	-0.187983055556	1.0977058642
28.15	0.5743535	-0.120526388889	1.4751117284
28.2	0.570752	-0.0298219444444	1.61268225309
28.25	0.571781	0.0536413888889	1.4746882716
28.3	0.5767545	0.123765833333	1.19060169753
28.35	0.5853295	0.169785	0.924617901235
28.4	0.5935615	0.213231666667	0.685206018519
28.45	0.606767	0.248103333333	0.260743518519
28.5	0.620144	0.245911944444	-0.293137962963
28.55	0.632492	0.215708888889	-0.801550771605
28.6	0.6426105	0.16121	-1.2048404321
28.65	0.649299	0.0897516666667	-1.46378425926
28.7	0.652043	0.00781277777778	-1.55101635802
28.75	0.649985	-0.0726969444444	-1.46171990741
28.8	0.6443255	-0.143107222222	-1.24385138889
28.85	0.635236	-0.201131388889	-0.918848302469
28.9	0.6234025	-0.238956666667	-0.500420061728
28.95	0.6103685	-0.2529625	-0.0348293209877
29	0.597163	-0.2426725	0.439230555556
29.05	0.585158	-0.208277222222	0.887988888889
29.1	0.5753825	-0.15092	1.26121311728
29.15	0.56938	-0.0767938888889	1.51099969136
29.2	0.5674935	0.005145	1.62745030864
29.25	0.569723	0.0904186111111	1.60140771605
29.3	0.57624	0.176454444444	1.33283024691
29.35	0.5887595	0.2340975	0.850248302469
29.4	0.601279	0.257154722222	0.404665895062
29.45	0.614313	0.273161388889	-0.0308064814815
29.5	0.629748	0.261061111111	-0.572407716049
29.55	0.642096	0.213422222222	-1.05557191358
29.6	0.6517	0.147871111111	-1.3807337963
29.65	0.6573595	0.0692669444444	-1.5522867284
29.7	0.6587315	-0.0124813888889	-1.58404598765
29.75	0.656159	-0.0941344444444	-1.48739197531
29.8	0.648956	-0.1672125	-1.2476625
29.85	0.638666	-0.221997222222	-0.918318981481
29.9	0.626318	-0.263061944444	-0.490574691358
29.95	0.6110545	-0.274018888889	0.0129154320988
30	0.598192	-0.263157222222	0.547106172839
30.05	0.583443	-0.221139722222	1.09230679012
30.1	0.574525	-0.145679722222	1.45685015432
30.15	0.5688655	-0.0652652777778	1.59495
30.2	0.5678365	0.0195319444444	1.57478287037
30.25	0.571095	0.0973738888889	1.41582777778
30.3	0.577955	0.165306944444	1.14560941358
30.35	0.588245	0.216756944444	0.76058132716
30.4	0.600593	0.244768611111	0.298113580247
30.45	0.6137985	0.246674166667	-0.174040740741
30.5	0.6261465	0.2255225	-0.608507407407
30.55	0.6371225	0.184076666667	-0.993006172839
30.6	0.6453545	0.123289444444	-1.29736574074
30.65	0.649985	0.0492586111111	-1.47537638889
30.7	0.6504995	-0.0302983333333	-1.50115432099
30.75	0.646898	-0.107759166667	-1.35754953704
30.8	0.6391805	-0.1723575	-1.05827145062
30.85	0.6288905	-0.217900277778	-0.643760185185
30.9	0.6165425	-0.240290555556	-0.149956635802
30.95	0.60368	-0.234383333333	0.358667901235
31	0.591675	-0.197796666667	0.73745
31.05	0.583786	-0.153016111111	0.968075154321
31.1	0.5764115	-0.103852777778	1.22045540123
31.15	0.5722955	-0.0321086111111	1.4534625
31.2	0.5726385	0.0499255555556	1.49919583333
31.25	0.577269	0.131102222222	1.28000401235
31.3	0.5873875	0.182075833333	0.944890895062
31.35	0.5959625	0.218853055556	0.677901388889
31.4	0.6086535	0.257916944444	0.247298765432
31.45	0.6237455	0.254963333333	-0.387251234568
31.5	0.6357505	0.215994722222	-0.966275462963
31.55	0.6463835	0.149490833333	-1.35400308642
31.6	0.6511855	0.0704102777778	-1.49750200617
31.65	0.653415	-0.00867027777778	-1.44292901235
31.7	0.6498135	-0.0781277777778	-1.27899830247
31.75	0.6450115	-0.134722777778	-1.11681435185
31.8	0.636608	-0.191794166667	-0.896352160494
31.85	0.6251175	-0.231620277778	-0.529373919753
31.9	0.6124265	-0.248008055556	-0.0827328703704
31.95	0.5993925	-0.240385833333	0.382646141975
32	0.5873875	-0.208086666667	0.806949845679
32.05	0.5777835	-0.155874444444	1.14126898148
32.1	0.5712665	-0.0895611111111	1.36675972222
32.15	0.5685225	-0.0150538888889	1.47892283951
32.2	0.5695515	0.0635502777778	1.45499753086
32.25	0.5750395	0.137485833333	1.26412438272
32.3	0.5839575	0.195891111111	0.931022685185
32.35	0.595448	0.233906944444	0.514447067901
32.4	0.6083105	0.247912777778	0.0838973765432
32.45	0.621173	0.239909444444	-0.300760185185
32.5	0.6330065	0.214089166667	-0.627774691358
32.55	0.6426105	0.179884444444	-0.999675617284
32.6	0.652043	0.121002777778	-1.45711481481
32.65	0.6566735	0.0248675	-1.70711311728
32.7	0.6542725	-0.0686	-1.57589444444
32.75	0.648613	-0.139677222222	-1.25920169753
32.8	0.639695	-0.193604444444	-0.914613734568
32.85	0.628719	-0.232001388889	-0.538742901235
32.9	0.615685	-0.249913611111	-0.104382098765
32.95	0.602994	-0.246578888889	0.408000617284
33	0.589617	-0.210849722222	0.932928240741
33.05	0.5805275	-0.144631666667	1.27015864198
33.1	0.5750395	-0.0728875	1.37237052469
33.15	0.5733245	-0.00133388888889	1.33113641975
33.2	0.575554	0.0589769444444	1.27698688272
33.25	0.5788125	0.124528055556	1.21865570988
33.3	0.5877305	0.190936666667	0.951877932099
33.35	0.599221	0.229714722222	0.476865277778
33.4	0.611912	0.239909444444	-0.0506030864198
33.45	0.62426	0.222568888889	-0.541018981482
33.5	0.6350645	0.182456944444	-0.945526080247
33.55	0.6432965	0.123194166667	-1.23141234568
33.6	0.6477555	0.0537366666667	-1.38142191358
33.65	0.6487845	-0.0193413888889	-1.41222839506
33.7	0.645869	-0.0924194444445	-1.31520385802
33.75	0.6391805	-0.156541388889	-1.0806617284
33.8	0.6295765	-0.2049425	-0.733321296296
33.85	0.6179145	-0.233335277778	-0.301554166667
33.9	0.6052235	-0.236765277778	0.168324074074
33.95	0.5932185	-0.215137222222	0.611101080247
34	0.5829285	-0.173024444444	0.992265123457
34.05	0.575211	-0.113094722222	1.29858317901
34.1	0.571095	-0.0393497222222	1.49776666667
34.15	0.5709235	0.0421127777778	1.54694058642
34.2	0.5750395	0.125861944444	1.3678712963
34.25	0.5846435	0.187316111111	1.00433364198
34.3	0.5949335	0.223331111111	0.649159259259
34.35	0.606767	0.254201111111	0.241317438272
34.4	0.6216875	0.254963333333	-0.29239691358
34.45	0.633864	0.221330277778	-0.762010493827
34.5	0.644154	0.173500833333	-1.1190375
34.55	0.652043	0.10633	-1.37538765432
34.6	0.6553015	0.0284880555556	-1.46230216049
34.65	0.6546155	-0.0456380555556	-1.41725694444
34.7	0.6504995	-0.114714444444	-1.31250432099
34.75	0.6429535	-0.178455277778	-1.13899290123
34.8	0.632492	-0.234383333333	-0.816424691358
34.85	0.6189435	-0.272208611111	-0.250898148148
34.9	0.6031655	-0.2649675	0.418957561728
34.95	0.5908175	-0.220663333333	0.909108796296
35	0.5808705	-0.164449444444	1.19118395062
35.05	0.5740105	-0.0980408333333	1.35781419753
35.1	0.570752	-0.0251533333333	1.42186203704
35.15	0.571438	0.0488775	1.37072962963
35.2	0.575897	0.116810555556	1.19991774691
35.25	0.5836145	0.172643333333	0.929064197531
35.3	0.593733	0.213136388889	0.57066095679
35.35	0.605738	0.233049444444	0.137305864198
35.4	0.618086	0.227713888889	-0.316322222222
35.45	0.629405	0.199702222222	-0.732897839506
35.5	0.6388375	0.151586944444	-1.07690354938
35.55	0.645183	0.0880366666667	-1.31504506173
35.6	0.6480985	0.0141011111111	-1.4061412037
35.65	0.646555	-0.0595486111111	-1.32891327161
35.7	0.641753	-0.124242222222	-1.10760416667
35.75	0.6336925	-0.175596944444	-0.763122067901
35.8	0.623231	-0.204466111111	-0.345170216049
35.85	0.611912	-0.205514166667	-0.00121743827161
35.9	0.602651	-0.199606944444	0.262596141975
35.95	0.5918465	-0.185505833333	0.625710339506
36	0.5825855	-0.140439444444	1.03487546296
36.05	0.576926	-0.0750788888889	1.30504089506
36.1	0.574868	-0.00200083333333	1.39502546296
36.15	0.5767545	0.0706008333333	1.32520802469
36.2	0.5822425	0.135199166667	1.13369969136
36.25	0.5908175	0.187506666667	0.837915123457
36.3	0.601622	0.222378333333	0.436795679012
36.35	0.6134555	0.240290555556	-0.131800925926
36.4	0.6278615	0.212564722222	-0.733215432099
36.45	0.6364365	0.149681388889	-1.00983858025
36.5	0.641753	0.0997558333333	-1.04768503086
36.55	0.646212	0.0510688888889	-1.14788549383
36.6	0.6477555	-0.0123861111111	-1.27047623457
36.65	0.6453545	-0.0831775	-1.25105015432
36.7	0.639009	-0.145775	-1.04964351852
36.75	0.630091	-0.192365833333	-0.731839197531
36.8	0.619115	-0.221330277778	-0.34559367284
36.85	0.60711	-0.228761944444	0.0810919753087
36.9	0.5952765	-0.212945833333	0.500896450617
36.95	0.5849865	-0.176168611111	0.865863271605
37	0.5770975	-0.123861111111	1.16159490741
37.05	0.5719525	-0.0564997222222	1.3592433642
37.1	0.571095	0.0186744444444	1.40053040123
37.15	0.5740105	0.0902280555556	1.28233302469
37.2	0.5805275	0.151682222222	1.04318580247
37.25	0.5897885	0.197606111111	0.730992283951
37.3	0.6011075	0.224950833333	0.403077932099
37.35	0.612941	0.236003055556	0.0818330246914
37.4	0.6247745	0.237718055556	-0.339665277778
37.45	0.6378085	0.212088333333	-0.925941203704
37.5	0.64827	0.14063	-1.40772916667
37.55	0.652386	0.0544036111111	-1.55128101852
37.6	0.653072	-0.0231525	-1.47569398148
37.65	0.649985	-0.0961352777778	-1.29164907407
37.7	0.6429535	-0.155874444444	-1.02158950617
37.75	0.6336925	-0.1997975	-0.704155709877
37.8	0.6223735	-0.2272375	-0.343
37.85	0.61054	-0.2392425	0.114968518519
37.9	0.5969915	-0.219043611111	0.615917901235
37.95	0.587216	-0.169022777778	0.951719135803
38	0.5801845	-0.115000277778	1.11411481481
38.05	0.575897	-0.0598344444444	1.27629876543
38.1	0.5733245	0.0112427777778	1.42106805556
38.15	0.5764115	0.09261	1.34945092593
38.2	0.583443	0.157208333333	1.03932175926
38.25	0.593047	0.200273888889	0.619570216049
38.3	0.604366	0.219996388889	0.167530092593
38.35	0.616028	0.215708888889	-0.258308641975
38.4	0.626661	0.19208	-0.635343981482
38.45	0.635922	0.150634166667	-0.963099537037
38.5	0.642439	0.0924194444445	-1.20357006173
38.55	0.645526	0.0250580555556	-1.31975601852
38.6	0.6450115	-0.0446852777778	-1.30604660494
38.65	0.6408955	-0.110236388889	-1.16678225309
38.7	0.6336925	-0.166926666667	-0.893811419753
38.75	0.6234025	-0.204561388889	-0.507830555556
38.8	0.612255	-0.218757777778	-0.0869674382716
38.85	0.6007645	-0.21266	0.326591049383
38.9	0.5901315	-0.185029444444	0.711936728395
38.95	0.5815565	-0.139581944444	1.04943179012
39	0.575554	-0.0775561111111	1.31239845679
39.05	0.5733245	-0.00438277777778	1.45605617284
39.1	0.574525	0.0781277777778	1.38168657407
39.15	0.582071	0.143393055556	1.10125231481
39.2	0.58996	0.185791666667	0.815418981482
39.25	0.60025	0.227428055556	0.459450617284
39.3	0.61397	0.240290555556	-0.0456804012346
39.35	0.6258035	0.220568055556	-0.510424228395
39.4	0.636608	0.183123888889	-0.854588734568
39.45	0.6446685	0.130911666667	-1.09230679012
39.5	0.649985	0.0710772222222	-1.25443780864
39.55	0.652043	0.00371583333333	-1.36024907407
39.6	0.6504995	-0.066885	-1.39592530864
39.65	0.6456975	-0.142630833333	-1.26761790123
39.7	0.635579	-0.203036944444	-0.92223595679
39.75	0.624603	-0.242291388889	-0.412679814815
39.8	0.609854	-0.247245833333	0.146611327161
39.85	0.5983635	-0.218281388889	0.510604197532
39.9	0.587902	-0.184877	0.62861101852
39.95	0.5798415	-0.149300277778	0.614652824075
40	0.574525	-0.124242222222	0.557184444445
