Vernier Format 2
Untitled.cmbl 10/2/17 4:46 PM .
Latest
Time	Position	Velocity	Acceleration
t	x	v	acc
s	m	m/s	m/s²

0	0.629405	-0.270017222222	-0.387484135802
0.05	0.6168855	-0.291931111111	-0.24611308642
0.1	0.6011075	-0.311787	0.105154907407
0.15	0.5839575	-0.296218611111	0.718902592593
0.2	0.570066	-0.244863888889	1.44304546296
0.25	0.557032	-0.143011944444	1.97126546296
0.3	0.5551455	-0.0250580555556	2.05620030864
0.35	0.556346	0.0665038888889	1.98431851852
0.4	0.560805	0.170070833333	1.87448441358
0.45	0.57281	0.274495277778	1.3761287037
0.5	0.5915035	0.318227777778	0.664456635802
0.55	0.6059095	0.32928	0.110469290123
0.6	0.62426	0.330232777778	-0.454527932099
0.65	0.6408955	0.2889775	-1.0802382716
0.7	0.654444	0.217423888889	-1.60490123457
0.75	0.6635335	0.121479166667	-1.9638867284
0.8	0.667135	0.0124813888889	-2.10447438272
0.85	0.6649055	-0.0988030555556	-2.0064441358
0.9	0.6566735	-0.196939166667	-1.69319197531
0.95	0.6443255	-0.273447222222	-1.2348529321
1	0.628376	-0.324611388889	-0.669114660494
1.05	0.61054	-0.343190555556	-0.0364702160494
1.1	0.592704	-0.328041388889	0.597762191358
1.15	0.576583	-0.282212777778	1.19552438272
1.2	0.563206	-0.205418888889	1.70160817901
1.25	0.554974	-0.103852777778	2.0149132716
1.3	0.552573	0.00571666666667	2.10177484568
1.35	0.55566	0.11319	2.01041404321
1.4	0.564235	0.212374166667	1.76438564815
1.45	0.577612	0.294217777778	1.3720529321
1.5	0.594076	0.359197222222	0.750100771605
1.55	0.6151705	0.382349722222	-0.120791049383
1.6	0.6350645	0.346525277778	-0.966857716049
1.65	0.6517	0.267730555556	-1.47527052469
1.7	0.661304	0.188459444444	-1.74834722222
1.75	0.670908	0.0976597222222	-2.02994598765
1.8	0.672623	-0.0196272222222	-2.17127469136
1.85	0.66885	-0.135580277778	-1.99839845679
1.9	0.657531	-0.224665	-1.66212083333
1.95	0.646212	-0.302030555556	-1.23982854938
2	0.6271755	-0.364246944444	-0.52265154321
2.05	0.6065955	-0.362246111111	0.330772685185
2.1	0.588931	-0.315083611111	0.91196712963
2.15	0.575554	-0.263157222222	1.32335540123
2.2	0.5616625	-0.188364166667	1.76893780864
2.25	0.554974	-0.0799380555556	2.06069953704
2.3	0.5537735	0.0303936111111	2.08203117284
2.35	0.5582325	0.136437777778	1.88893487654
2.4	0.568008	0.226570555556	1.50840601852
2.45	0.5818995	0.292312222222	0.998775771605
2.5	0.5983635	0.329375277778	0.408212345679
2.55	0.616028	0.335377777778	-0.231895524691
2.6	0.6333495	0.3061275	-0.863851851852
2.65	0.647927	0.244959166667	-1.40148317901
2.7	0.6587315	0.160447777778	-1.79820925926
2.75	0.664734	0.0579288888889	-2.0110492284
2.8	0.664734	-0.0498302777778	-2.00199783951
2.85	0.6594175	-0.150253055556	-1.79180447531
2.9	0.6491275	-0.235621944444	-1.41154027778
2.95	0.634893	-0.296790277778	-0.897040277778
3	0.6182575	-0.328517777778	-0.297954783951
3.05	0.6007645	-0.327946111111	0.344217438272
3.1	0.5843005	-0.295361111111	0.999516820988
3.15	0.569723	-0.226951666667	1.59262098765
3.2	0.5599475	-0.123956388889	1.92244089506
3.25	0.5575465	-0.0202941666667	1.94467237654
3.3	0.5585755	0.0726016666667	1.86389799383
3.35	0.5644065	0.168641666667	1.68901033951
3.4	0.5760685	0.249246666667	1.34749243827
3.45	0.590303	0.308033055556	0.878408179012
3.5	0.607796	0.341475555556	0.275776234568
3.55	0.6254605	0.344048055556	-0.494703395062
3.6	0.6443255	0.297457222222	-1.32811929012
3.65	0.657874	0.196272222222	-1.84685385802
3.7	0.6638765	0.0902280555556	-1.91190740741
3.75	0.665763	0.00114333333333	-1.8351558642
3.8	0.6642195	-0.0890847222222	-1.77587191358
3.85	0.657188	-0.181599444444	-1.59950216049
3.9	0.6453545	-0.258393333333	-1.22664845679
3.95	0.6302625	-0.309748055556	-0.712518981481
4	0.613284	-0.332424166667	-0.118144444444
4.05	0.595791	-0.323468055556	0.51534691358
4.1	0.5794985	-0.279735555556	1.11416774691
4.15	0.566636	-0.206752777778	1.58812175926
4.2	0.558061	-0.113952222222	1.8907345679
4.25	0.5548025	-0.0100994444444	2.00030401235
4.3	0.557032	0.0940391666667	1.90926080247
4.35	0.564578	0.18865	1.62596820988
4.4	0.5767545	0.262680833333	1.18933132716
4.45	0.5918465	0.3112725	0.652705709877
4.5	0.6089965	0.330899722222	0.0467390432099
4.55	0.626318	0.316512777778	-0.566532253086
4.6	0.6419245	0.271351111111	-1.11633796296
4.65	0.654444	0.199606944444	-1.54159444444
4.7	0.662333	0.113856944444	-1.84516003086
4.75	0.667135	0.005145	-1.92545802469
4.8	0.6621615	-0.0924194444444	-1.73723148148
4.85	0.6563305	-0.163306111111	-1.58256388889
4.9	0.6470695	-0.249246666667	-1.38819722222
4.95	0.63112	-0.322038888889	-0.812719444444
5	0.612255	-0.341761388889	-0.00587546296296
5.05	0.595105	-0.316989166667	0.72331712963
5.1	0.5794985	-0.261632777778	1.28296820988
5.15	0.568008	-0.182171111111	1.66328533951
5.2	0.5606335	-0.0880366666667	1.85823425926
5.25	0.5589185	0.0127672222222	1.85172361111
5.3	0.5626915	0.100518055556	1.73781373457
5.35	0.5688655	0.186935	1.56154984568
5.4	0.581385	0.267158888889	1.15868364198
5.45	0.597163	0.312796944444	0.544194907407
5.5	0.6141415	0.322896388889	-0.123384722222
5.55	0.630777	0.298505277778	-0.756240895062
5.6	0.645183	0.243720555556	-1.29683641975
5.65	0.656159	0.1637825	-1.70377839506
5.7	0.662333	0.0655511111111	-1.92016481481
5.75	0.6628475	-0.0369677777778	-1.9252992284
5.8	0.6583885	-0.133960555556	-1.7494587963
5.85	0.648956	-0.217995555556	-1.41545725309
5.9	0.6357505	-0.280878888889	-0.946214197531
5.95	0.619801	-0.316703333333	-0.375764969136
6	0.6028225	-0.320800277778	0.248516203704
6.05	0.5863585	-0.291264166667	0.855753240741
6.1	0.572467	-0.231239166667	1.36855941358
6.15	0.5623485	-0.148538055556	1.73908410494
6.2	0.557032	-0.0510688888889	1.95282391975
6.25	0.557032	0.0529744444444	1.9978691358
6.3	0.5623485	0.155302777778	1.85781080247
6.35	0.5726385	0.250580555556	1.45822638889
6.4	0.5891025	0.310224444444	0.856441358025
6.45	0.6052235	0.333186388889	0.266618981481
6.5	0.6227165	0.338807777778	-0.362584876543
6.55	0.641067	0.300601388889	-1.0331287037
6.6	0.6542725	0.227904444444	-1.54392345679
6.65	0.664391	0.138152777778	-1.86993225309
6.7	0.6686785	0.0338236111111	-2.00866728395
6.75	0.6676495	-0.0688858333333	-1.97288518519
6.8	0.66199	-0.171881111111	-1.73506126543
6.85	0.6494705	-0.252295555556	-1.28704398148
6.9	0.635236	-0.300601388889	-0.797422067901
6.95	0.6189435	-0.330995	-0.287103703704
7	0.6014505	-0.338045555556	0.379523148148
7.05	0.5829285	-0.297457222222	1.10707484568
7.1	0.5698945	-0.216185277778	1.61358209877
7.15	0.561148	-0.124242222222	1.85722854938
7.2	0.5572035	-0.0248675	1.93218040123
7.25	0.5585755	0.0749836111111	1.84653626543
7.3	0.5650925	0.165783333333	1.60971805556
7.35	0.5757255	0.241529166667	1.22977145062
7.4	0.5901315	0.294408333333	0.714953858025
7.45	0.606424	0.316512777778	0.115921296296
7.5	0.6230595	0.306508611111	-0.49862037037
7.55	0.638323	0.264872222222	-1.06599953704
7.6	0.650671	0.19551	-1.52005108025
7.65	0.6587315	0.1054725	-1.79715061728
7.7	0.6614755	0.0077175	-1.8779779321
7.75	0.6594175	-0.0886083333333	-1.79048117284
7.8	0.652386	-0.177788333333	-1.53725401235
7.85	0.6408955	-0.248865555556	-1.12369552469
7.9	0.6264895	-0.294789444444	-0.587652160494
7.95	0.6103685	-0.311748888889	0.034988117284
8	0.593733	-0.292502777778	0.671337808642
8.05	0.5794985	-0.236288888889	1.15148487654
8.1	0.5702375	-0.173119722222	1.5175632716
8.15	0.5609765	-0.0846066666667	1.82478117284
8.2	0.560805	0.0220091666667	1.86532716049
8.25	0.564235	0.111189166667	1.69388009259
8.3	0.572124	0.193509166667	1.42466743827
8.35	0.584129	0.259250833333	1.01783132716
8.4	0.5990495	0.300791944444	0.487822222222
8.45	0.6155135	0.310891388889	-0.121055709877
8.5	0.6312915	0.289453888889	-0.745283950617
8.55	0.6456975	0.23667	-1.33611203704
8.6	0.656845	0.145393888889	-1.69663256173
8.65	0.6601035	0.0519263888889	-1.74744737654
8.7	0.661304	-0.0307747222222	-1.7149470679
8.75	0.657531	-0.119668888889	-1.63126141975
8.8	0.6491275	-0.201417222222	-1.3847566358
8.85	0.636608	-0.265443888889	-0.971039351852
8.9	0.621516	-0.302983333333	-0.438754166667
8.95	0.6052235	-0.312034722222	0.159166820988
9	0.588931	-0.287453055556	0.759363888889
9.05	0.575211	-0.232001388889	1.26550061728
9.1	0.564921	-0.155016944444	1.62845601852
9.15	0.55909	-0.0627880555556	1.82806296296
9.2	0.558404	0.0352527777778	1.843625
9.25	0.562863	0.128148611111	1.689275
9.3	0.5716095	0.210182777778	1.37824598765
9.35	0.5846435	0.272494444444	0.912602314815
9.4	0.6000785	0.305460555556	0.348875462963
9.45	0.616371	0.308318888889	-0.240788117284
9.5	0.632149	0.279926111111	-0.787894290123
9.55	0.645526	0.224474444444	-1.21976728395
9.6	0.6553015	0.150634166667	-1.50136604938
9.65	0.6604465	0.0733638888889	-1.72638040123
9.7	0.6635335	-0.0216280555556	-1.90174444444
9.75	0.6590745	-0.1294825	-1.80265555556
9.8	0.6494705	-0.215327777778	-1.41116975309
9.85	0.6364365	-0.275162222222	-0.881372376543
9.9	0.62083	-0.30527	-0.290544290123
9.95	0.604709	-0.304698333333	0.306953240741
10	0.5891025	-0.272970833333	0.856070833333
10.05	0.57624	-0.213708055556	1.28429151235
10.1	0.5671505	-0.137866944444	1.56551975309
10.15	0.5623485	-0.0553563888889	1.76867314815
10.2	0.560805	0.0424938888889	1.85701682099
10.25	0.5664645	0.141678055556	1.69462114198
10.3	0.575897	0.221235	1.3119220679
10.35	0.5894455	0.278306388889	0.784347839506
10.4	0.605052	0.302792777778	0.178539969136
10.45	0.6210015	0.295551666667	-0.419433950617
10.5	0.6357505	0.258679166667	-0.962993672839
10.55	0.647927	0.19551	-1.4065117284
10.6	0.656159	0.111665555556	-1.69530925926
10.65	0.6594175	0.0186744444444	-1.80530216049
10.7	0.6580455	-0.0751741666667	-1.7490882716
10.75	0.6517	-0.162925	-1.52433858025
10.8	0.641067	-0.234002222222	-1.14312160494
10.85	0.627347	-0.281450555556	-0.650800154321
10.9	0.611912	-0.302316388889	-0.0809861111111
10.95	0.595791	-0.290787777778	0.511324074074
11	0.5815565	-0.248198611111	1.03609290123
11.05	0.570066	-0.182075833333	1.44176450617
11.1	0.5626915	-0.0988030555556	1.71441774691
11.15	0.559776	-0.00543083333333	1.85172361111
11.2	0.5620055	0.0922288888889	1.83235046296
11.25	0.5692085	0.184076666667	1.63591944444
11.3	0.5805275	0.267158888889	1.19086635802
11.35	0.5976775	0.312701666667	0.544459567901
11.4	0.613627	0.317084444444	-0.0547317901235
11.45	0.6295765	0.305936944444	-0.626927777778
11.5	0.645869	0.257345277778	-1.2132037037
11.55	0.656845	0.175882777778	-1.61458780864
11.6	0.6635335	0.0867980555556	-1.81874691358
11.65	0.665763	-0.00971833333333	-1.89862145062
11.7	0.662676	-0.107282777778	-1.84537175926
11.75	0.65513	-0.203513333333	-1.57742947531
11.8	0.6412385	-0.2752575	-1.07653302469
11.85	0.626318	-0.315464722222	-0.458074382716
11.9	0.608482	-0.323563333333	0.213845679012
11.95	0.5921895	-0.291073611111	0.815630709877
12	0.5784695	-0.234383333333	1.25412021605
12.05	0.5681795	-0.160733611111	1.56133811728
12.1	0.561834	-0.0739355555556	1.74395385802
12.15	0.560462	0.0200083333333	1.77206080247
12.2	0.5640635	0.109569444444	1.64280061728
12.25	0.571781	0.1895075	1.37305864198
12.3	0.5836145	0.253057777778	0.954048148148
12.35	0.598192	0.289835	0.41890462963
12.4	0.6137985	0.296695	-0.163242592593
12.45	0.629062	0.272970833333	-0.730251234568
12.5	0.6422675	0.220472777778	-1.21489753086
12.55	0.652043	0.145203333333	-1.55154567901
12.6	0.657188	0.0585005555556	-1.72140478395
12.65	0.6580455	-0.0324897222222	-1.7405132716
12.7	0.6539295	-0.121955555556	-1.59537345679
12.75	0.6453545	-0.199035277778	-1.28032160494
12.8	0.633178	-0.255630277778	-0.820341666667
12.85	0.618772	-0.285166388889	-0.259579012346
12.9	0.6035085	-0.284975833333	0.355968364198
12.95	0.5884165	-0.244863888889	0.872373919753
13	0.5784695	-0.187601944444	1.19012530864
13.05	0.569723	-0.125099722222	1.45415061728
13.1	0.564921	-0.0419222222222	1.66868441358
13.15	0.5650925	0.0500208333333	1.70171404321
13.2	0.5702375	0.136723611111	1.53534845679
13.25	0.579327	0.209706388889	1.19742993827
13.3	0.5918465	0.2632525	0.700027006173
13.35	0.6069385	0.285833333333	0.0883966049383
13.4	0.6223735	0.267254166667	-0.439442283951
13.45	0.6340355	0.233335277778	-0.80991404321
13.5	0.645869	0.188935833333	-1.19324830247
13.55	0.654444	0.114142777778	-1.54318240741
13.6	0.657874	0.0253438888889	-1.69996728395
13.65	0.656845	-0.0635502777778	-1.67170154321
13.7	0.651357	-0.14749	-1.48718024691
13.75	0.6415815	-0.218090833333	-1.15524305556
13.8	0.628719	-0.267921111111	-0.700344598765
13.85	0.6137985	-0.292121666667	-0.152391512346
13.9	0.598192	-0.284499444444	0.424091975309
13.95	0.584129	-0.246864722222	0.939068364198
14	0.5726385	-0.186268055556	1.34828641975
14.05	0.5647495	-0.106996944444	1.6250683642
14.1	0.561491	-0.0170547222222	1.73611990741
14.15	0.5630345	0.0736497222222	1.67450694444
14.2	0.5692085	0.156160277778	1.46166697531
14.25	0.5791555	0.225046111111	1.11353256173
14.3	0.5925325	0.272780277778	0.643654320988
14.35	0.6076245	0.291931111111	0.114862654321
14.4	0.622888	0.282879722222	-0.395614506173
14.45	0.6367795	0.250104166667	-0.860146604938
14.5	0.648613	0.196843888889	-1.29551311728
14.55	0.6577025	0.117191666667	-1.63570771605
14.6	0.660961	0.0230572222222	-1.76613240741
14.65	0.6594175	-0.0643125	-1.75602237654
14.7	0.654787	-0.154064166667	-1.64385925926
14.75	0.6443255	-0.2426725	-1.23564691358
14.8	0.6285475	-0.290311388889	-0.57066095679
14.85	0.6134555	-0.296409166667	0.0629891975309
14.9	0.598192	-0.278592222222	0.587281635802
14.95	0.584472	-0.234288055556	1.01539645062
15	0.5740105	-0.171309444444	1.3204970679
15.05	0.567322	-0.101661388889	1.58182283951
15.1	0.562863	-0.0123861111111	1.78021234568
15.15	0.5654355	0.0882272222222	1.72426311728
15.2	0.5726385	0.170833055556	1.42487916667
15.25	0.5832715	0.234669166667	0.999675617284
15.3	0.5969915	0.2744	0.480252932099
15.35	0.611912	0.284785277778	-0.0854853395062
15.4	0.626661	0.265253333333	-0.636349691358
15.45	0.6395235	0.218376666667	-1.1148029321
15.5	0.6494705	0.148156944444	-1.45854398148
15.55	0.654787	0.0656463888889	-1.6377191358
15.6	0.656159	-0.0209611111111	-1.67318364198
15.65	0.652729	-0.107378055556	-1.55895617284
15.7	0.6450115	-0.183314444444	-1.28746743827
15.75	0.6336925	-0.241719722222	-0.879466820988
15.8	0.619801	-0.274685833333	-0.3815875
15.85	0.6052235	-0.281545833333	0.159166820988
15.9	0.5904745	-0.259155555556	0.702091358025
15.95	0.5781265	-0.208277222222	1.17329290123
16	0.5688655	-0.136914166667	1.52857314815
16.05	0.563892	-0.0506877777778	1.75237006173
16.1	0.5633775	0.0444947222222	1.80768410494
16.15	0.5681795	0.14063	1.62639166667
16.2	0.5784695	0.215708888889	1.24607453704
16.25	0.5908175	0.265825	0.804620833333
16.3	0.605395	0.300125	0.268418672839
16.35	0.6223735	0.298600555556	-0.370789351852
16.4	0.636951	0.259155555556	-0.936421759259
16.45	0.648956	0.198463611111	-1.3591375
16.5	0.657531	0.119097222222	-1.65132268519
16.55	0.661647	0.0245816666667	-1.74136018519
16.6	0.659589	-0.0637408333333	-1.64264182099
16.65	0.6546155	-0.140153611111	-1.48590987654
16.7	0.6456975	-0.213898611111	-1.24893287037
16.75	0.6330065	-0.276686666667	-0.7760375
16.8	0.6161995	-0.300315555556	-0.126295987654
16.85	0.601279	-0.284975833333	0.459874074074
16.9	0.5870445	-0.248389166667	0.923347530864
16.95	0.575554	-0.189412222222	1.28990231481
17	0.5674935	-0.115286111111	1.54392345679
17.05	0.563549	-0.0298219444444	1.66603780864
17.1	0.5644065	0.0581194444444	1.62464490741
17.15	0.569723	0.138248055556	1.43790046296
17.2	0.578641	0.206848055556	1.12036080247
17.25	0.5911605	0.255916111111	0.671708333333
17.3	0.605395	0.277163055556	0.146833641975
17.35	0.6199725	0.270684166667	-0.386986574074
17.4	0.633521	0.237051111111	-0.883013271605
17.45	0.6446685	0.179026944444	-1.29021990741
17.5	0.6522145	0.101947222222	-1.55154567901
17.55	0.65513	0.0170547222222	-1.64544722222
17.6	0.6539295	-0.0684094444444	-1.58325200617
17.65	0.6480985	-0.147966388889	-1.3505095679
17.7	0.6384945	-0.210563888889	-0.95653595679
17.75	0.625975	-0.248103333333	-0.466543518519
17.8	0.612255	-0.254105833333	-0.01715
17.85	0.60025	-0.246388333333	0.376241358025
17.9	0.5870445	-0.221044444444	0.833310030864
17.95	0.576583	-0.162829722222	1.26576527778
18	0.570066	-0.0867027777778	1.53370756173
18.05	0.567665	-0.00238194444444	1.62390385802
18.1	0.569723	0.0831775	1.52163904321
18.15	0.5764115	0.157589444444	1.23829351852
18.2	0.5863585	0.2118025	0.843314197531
18.25	0.5987065	0.240862222222	0.443994444444
18.3	0.610883	0.254868055556	0.0525086419753
18.35	0.6247745	0.251056944444	-0.426473919753
18.4	0.6374655	0.214375	-0.935416049383
18.45	0.647241	0.152635	-1.33881157407
18.5	0.653415	0.0732686111111	-1.57404182099
18.55	0.654787	-0.0122908333333	-1.62427438272
18.6	0.652043	-0.0949919444444	-1.52015694444
18.65	0.6450115	-0.169785	-1.27481666667
18.7	0.6343785	-0.227713888889	-0.900480864198
18.75	0.6213445	-0.2632525	-0.436531018519
18.8	0.60711	-0.274018888889	0.0883436728395
18.85	0.592704	-0.254868055556	0.618352777778
18.9	0.5805275	-0.208753611111	1.07102808642
18.95	0.571095	-0.143107222222	1.40831141975
19	0.565607	-0.0625022222222	1.60389552469
19.05	0.564578	0.0242005555556	1.62962052469
19.1	0.5681795	0.107473333333	1.48670385802
19.15	0.575897	0.177693055556	1.21706774691
19.2	0.58653	0.2323825	0.859564351852
19.25	0.599907	0.266873055556	0.43044382716
19.3	0.614313	0.276019722222	-0.0194260802469
19.35	0.628376	0.263157222222	-0.456909876543
19.4	0.641067	0.233144722222	-0.946108333333
19.45	0.6529005	0.173881944444	-1.49744907407
19.5	0.6604465	0.0747930555556	-1.85336450617
19.55	0.6604465	-0.0289644444444	-1.8478066358
19.6	0.6566735	-0.117858611111	-1.62872067901
19.65	0.64827	-0.194271388889	-1.30011820988
19.7	0.6367795	-0.254582222222	-0.825899537037
19.75	0.6213445	-0.281926944444	-0.255662037037
19.8	0.60711	-0.276019722222	0.249892438272
19.85	0.5932185	-0.252200277778	0.671284876543
19.9	0.581385	-0.211326111111	1.11009197531
19.95	0.570752	-0.141773333333	1.52301527778
20	0.5661215	-0.0489727777778	1.71960509259
20.05	0.5661215	0.0412552777778	1.66746697531
20.1	0.5705805	0.123861111111	1.44981018519
20.15	0.5791555	0.190269722222	1.11771419753
20.2	0.590303	0.238480277778	0.707066975309
20.25	0.6038515	0.264395833333	0.218980092593
20.3	0.6179145	0.261918611111	-0.301342438272
20.35	0.63112	0.232668333333	-0.787153240741
20.4	0.642096	0.179884444444	-1.19113101852
20.45	0.6498135	0.109188333333	-1.47844645062
20.5	0.6535865	0.0255344444444	-1.60532469136
20.55	0.652386	-0.0591675	-1.5477875
20.6	0.647241	-0.1346275	-1.34876280864
20.65	0.6384945	-0.198177777778	-1.0376808642
20.7	0.626661	-0.242577222222	-0.623963580247
20.75	0.613284	-0.263157222222	-0.143710648148
20.8	0.5993925	-0.258774444444	0.376082561728
20.85	0.586187	-0.225046111111	0.878672839506
20.9	0.575897	-0.166926666667	1.29186080247
20.95	0.5688655	-0.0911808333333	1.58309320988
21	0.566293	-0.00352527777778	1.72219876543
21.05	0.568008	0.0916572222222	1.61802839506
21.1	0.57624	0.170070833333	1.26994691358
21.15	0.58653	0.218376666667	0.888518209877
21.2	0.5983635	0.254486944444	0.550387962963
21.25	0.6120835	0.280211944444	0.0853265432099
21.3	0.628033	0.270398333333	-0.509736111111
21.35	0.640724	0.224855555556	-1.03418734568
21.4	0.651014	0.161019444444	-1.42869027778
21.45	0.657531	0.0794616666667	-1.71775246914
21.5	0.659932	-0.0203894444444	-1.77820092593
21.55	0.6549585	-0.110522222222	-1.56869567901
21.6	0.6480985	-0.182742777778	-1.21055709877
21.65	0.635922	-0.234764444444	-0.768097685185
21.7	0.6234025	-0.258774444444	-0.328284876543
21.75	0.609511	-0.266206111111	0.0926311728395
21.8	0.5959625	-0.251628611111	0.5445125
21.85	0.5832715	-0.2118025	0.983372530864
21.9	0.573839	-0.149205	1.32827808642
21.95	0.5678365	-0.0729827777778	1.53031990741
22	0.566293	0.00981361111111	1.57907037037
22.05	0.5688655	0.0909902777778	1.47315324074
22.1	0.5757255	0.163401388889	1.21632669753
22.15	0.5860155	0.2169475	0.848395679012
22.2	0.598192	0.25039	0.416046296296
22.25	0.611912	0.261061111111	-0.0717229938272
22.3	0.6254605	0.243815833333	-0.568067283951
22.35	0.637294	0.201607777778	-1.00417484568
22.4	0.6463835	0.139486666667	-1.34024074074
22.45	0.6518715	0.0622163888889	-1.53619537037
22.5	0.6529005	-0.0216280555556	-1.55085756173
22.55	0.6494705	-0.100518055556	-1.38009861111
22.6	0.6422675	-0.164925833333	-1.07505092593
22.65	0.6323205	-0.212088333333	-0.679648148148
22.7	0.619801	-0.232096666667	-0.284298302469
22.75	0.6086535	-0.237336944444	0.0700291666667
22.8	0.595791	-0.230000555556	0.508412808642
22.85	0.584129	-0.189793333333	0.990941820988
22.9	0.5757255	-0.124623333333	1.34357546296
22.95	0.5712665	-0.0472577777778	1.51121141975
23	0.5709235	0.0329661111111	1.50803549383
23.05	0.5746965	0.109378888889	1.34743950617
23.1	0.5822425	0.174358333333	1.03254645062
23.15	0.593047	0.217995555556	0.605596141975
23.2	0.605395	0.232477777778	0.204794290123
23.25	0.6165425	0.235240833333	-0.14921558642
23.3	0.629405	0.222378333333	-0.580612191358
23.35	0.6402095	0.178741111111	-1.02847067901
23.4	0.6480985	0.114428611111	-1.36670679012
23.45	0.6522145	0.0355386111111	-1.54551141975
23.5	0.6518715	-0.0481152777778	-1.53010817901
23.55	0.6470695	-0.124528055556	-1.3418816358
23.6	0.6388375	-0.186839722222	-1.03207006173
23.65	0.62769	-0.231048611111	-0.635238117284
23.7	0.6148275	-0.252676666667	-0.180763117284
23.75	0.6014505	-0.249818333333	0.29324382716
23.8	0.588931	-0.223140555556	0.755817438272
23.85	0.5781265	-0.172071666667	1.1574662037
23.9	0.5709235	-0.101756666667	1.42662592593
23.95	0.567665	-0.0230572222222	1.54080046296
24	0.5685225	0.0580241666667	1.50650046296
24.05	0.5736675	0.133484166667	1.32695478395
24.1	0.582414	0.195605277778	1.03249351852
24.15	0.594076	0.238670833333	0.674566666667
24.2	0.6069385	0.263347777778	0.283133796296
24.25	0.62083	0.272780277778	-0.222897067901
24.3	0.635922	0.244673333333	-0.795145987654
24.35	0.6463835	0.188935833333	-1.27640462963
24.4	0.6556445	0.111665555556	-1.61744614198
24.45	0.6583885	0.0170547222222	-1.72548055556
24.5	0.656845	-0.0699338888889	-1.61802839506
24.55	0.651014	-0.147871111111	-1.39222006173
24.6	0.6419245	-0.216375833333	-1.00237515432
24.65	0.628033	-0.255058611111	-0.481417438272
24.7	0.6148275	-0.260013055556	-0.0243487654321
24.75	0.6017935	-0.252295555556	0.352263117284
24.8	0.589274	-0.230476944444	0.811502006173
24.85	0.5770975	-0.174263055556	1.29884783951
24.9	0.5705805	-0.0905138888889	1.58012901235
24.95	0.5681795	-0.005145	1.61485246914
25	0.5702375	0.0767938888889	1.48442777778
25.05	0.57624	0.148061666667	1.22479583333
25.1	0.5856725	0.203513333333	0.862263888889
25.15	0.597506	0.236765277778	0.434678395062
25.2	0.610197	0.247912777778	-0.0203788580247
25.25	0.623231	0.235240833333	-0.482581944444
25.3	0.6347215	0.1980825	-0.903339197531
25.35	0.643811	0.141392222222	-1.23755246914
25.4	0.6494705	0.0694575	-1.44949259259
25.45	0.651014	-0.00924194444444	-1.51512839506
25.5	0.648613	-0.0886083333333	-1.41757453704
25.55	0.641753	-0.158065833333	-1.1535492284
25.6	0.6319775	-0.208181944444	-0.781277777778
25.65	0.620144	-0.237908611111	-0.356233024691
25.7	0.6072815	-0.244768611111	0.0973950617284
25.75	0.594762	-0.228476111111	0.56208595679
25.8	0.5836145	-0.189316944444	1.0245007716
25.85	0.5746965	-0.124242222222	1.41418688272
25.9	0.570066	-0.0364913888889	1.55948549383
25.95	0.5716095	0.0432561111111	1.45430941358
26	0.5750395	0.110141111111	1.27566358025
26.05	0.5825855	0.172738611111	1.03138194444
26.1	0.593047	0.217805	0.694733796296
26.15	0.6052235	0.243720555556	0.304783024691
26.2	0.618086	0.249627777778	-0.134659259259
26.25	0.630777	0.236479444444	-0.675731172839
26.3	0.643811	0.181123055556	-1.18366759259
26.35	0.649642	0.105567777778	-1.44552268519
26.4	0.6539295	0.0324897222222	-1.57245385802
26.45	0.6539295	-0.0572619444444	-1.53820679012
26.5	0.647584	-0.133388888889	-1.25846064815
26.55	0.639352	-0.184934166667	-0.912443518518
26.6	0.628719	-0.223235833333	-0.564626697531
26.65	0.616371	-0.243434722222	-0.177640123457
26.7	0.6035085	-0.242767777778	0.242799537037
26.75	0.5911605	-0.218948333333	0.661174845679
26.8	0.5808705	-0.175311111111	1.0417037037
26.85	0.57281	-0.112046666667	1.34415771605
26.9	0.569037	-0.0343952777778	1.49321450617
26.95	0.56938	0.0443994444444	1.47114182099
27	0.5736675	0.118430277778	1.30091219136
27.05	0.581728	0.179598611111	1.00152824074
27.1	0.592361	0.222378333333	0.608189814815
27.15	0.6048805	0.242481944444	0.16250154321
27.2	0.6175715	0.238575555556	-0.286997839506
27.25	0.6295765	0.212755277778	-0.710348765432
27.3	0.639695	0.165688055556	-1.07849151235
27.35	0.646898	0.100613333333	-1.33685308642
27.4	0.6501565	0.0253438888889	-1.43101929012
27.45	0.6494705	-0.0498302777778	-1.35140941358
27.5	0.64484	-0.116905833333	-1.12030787037
27.55	0.636608	-0.161305277778	-0.870415432099
27.6	0.628719	-0.200845555556	-0.643283796296
27.65	0.6165425	-0.2340975	-0.253227160494
27.7	0.60368	-0.233144722222	0.267942283951
27.75	0.592018	-0.203894444444	0.736126697531
27.8	0.5825855	-0.154254722222	1.08944845679
27.85	0.5760685	-0.0906091666667	1.31753287037
27.9	0.5729815	-0.0162925	1.3936492284
27.95	0.574525	0.0567855555556	1.29858317901
28	0.5794985	0.114714444444	1.1447625
28.05	0.585844	0.171214166667	0.952142592593
28.1	0.59682	0.2186625	0.583682253086
28.15	0.609168	0.235240833333	0.0958070987654
28.2	0.6213445	0.226665833333	-0.379576080247
28.25	0.6326635	0.195319444444	-0.808220216049
28.3	0.641753	0.142821388889	-1.1533904321
28.35	0.647584	0.0747930555556	-1.37327037037
28.4	0.6494705	-0.000190555555556	-1.45102762346
28.45	0.647584	-0.0755552777778	-1.38877947531
28.5	0.641753	-0.145489166667	-1.1704875
28.55	0.6323205	-0.198463611111	-0.814625
28.6	0.6210015	-0.229524166667	-0.388733333333
28.65	0.608482	-0.237908611111	0.0581723765432
28.7	0.5963055	-0.223140555556	0.490204166667
28.75	0.5853295	-0.187316111111	0.878725771605
28.8	0.5767545	-0.131673888889	1.18160324074
28.85	0.571781	-0.0649794444444	1.37898703704
28.9	0.5698945	0.0101947222222	1.46674845679
28.95	0.5726385	0.0879413888889	1.40719984568
29	0.5791555	0.156446111111	1.20791049383
29.05	0.5887595	0.212183611111	0.900269135802
29.1	0.6007645	0.253534166667	0.443623919753
29.15	0.615685	0.261061111111	-0.103270524691
29.2	0.6282045	0.2375275	-0.561027314815
29.25	0.6395235	0.203322777778	-0.972045061728
29.3	0.6498135	0.141201666667	-1.35760246914
29.35	0.6546155	0.0589769444444	-1.56012067901
29.4	0.655473	-0.0229619444444	-1.57308904321
29.45	0.6522145	-0.1020425	-1.45483873457
29.5	0.6453545	-0.177121388889	-1.14375679012
29.55	0.633178	-0.224093333333	-0.680971450617
29.6	0.621516	-0.240862222222	-0.270324228395
29.65	0.6089965	-0.247626944444	0.0955424382716
29.7	0.5963055	-0.238289722222	0.570343364198
29.75	0.583443	-0.193318611111	1.07277484568
29.8	0.5757255	-0.120621666667	1.3722117284
29.85	0.5716095	-0.0469719444444	1.4664308642
29.9	0.5709235	0.029155	1.44832808642
29.95	0.574525	0.1029	1.29974768519
30	0.581728	0.16464	1.02137777778
30.05	0.591675	0.209039444444	0.643336728395
30.1	0.6035085	0.231525	0.204053240741
30.15	0.6158565	0.229143055556	-0.23496558642
30.2	0.6271755	0.206466944444	-0.638784567901
30.25	0.637294	0.1637825	-0.995229320988
30.3	0.6443255	0.102995277778	-1.25406728395
30.35	0.647927	0.0330613888889	-1.38512716049
30.4	0.6477555	-0.0403977777778	-1.38724444444
30.45	0.643811	-0.111093888889	-1.24951512346
30.5	0.636265	-0.171595277778	-0.964369907407
30.55	0.6258035	-0.212088333333	-0.568331944444
30.6	0.6141415	-0.229905277778	-0.124602160494
30.65	0.601965	-0.225331944444	0.340723919753
30.7	0.590646	-0.195891111111	0.791758333333
30.75	0.581385	-0.143297777778	1.15841898148
30.8	0.5753825	-0.0707913888889	1.32753703704
30.85	0.5746965	-0.0025725	1.31853858025
30.9	0.5753825	0.0610730555556	1.26624166667
30.95	0.5805275	0.126814722222	1.13332916667
31	0.588588	0.180360833333	0.87078595679
31.05	0.599221	0.217995555556	0.504337037037
31.1	0.611226	0.233906944444	0.0587546296296
31.15	0.623574	0.225713055556	-0.427267901235
31.2	0.634893	0.190269722222	-0.883966049383
31.25	0.643468	0.133388888889	-1.23284151235
31.3	0.6491275	0.0578336111111	-1.37787546296
31.35	0.648956	-0.0140058333333	-1.3162625
31.4	0.6470695	-0.0741261111111	-1.20822808642
31.45	0.641753	-0.134722777778	-1.06880493827
31.5	0.6333495	-0.187030277778	-0.804091512346
31.55	0.622202	-0.2203775	-0.424833024691
31.6	0.6103685	-0.230762777778	-0.00269953703704
31.65	0.5983635	-0.220568055556	0.420386728395
31.7	0.5873875	-0.187697222222	0.811025617284
31.75	0.5788125	-0.135866111111	1.11554398148
31.8	0.5733245	-0.0714583333333	1.30710524691
31.85	0.571438	-0.000762222222222	1.38253348765
31.9	0.573153	0.0716488888889	1.33076589506
31.95	0.5788125	0.138248055556	1.13449367284
32	0.587559	0.190555555556	0.807214506173
32.05	0.5987065	0.222378333333	0.393497222222
32.1	0.6107115	0.231048611111	-0.0509736111111
32.15	0.6227165	0.216852222222	-0.4802
32.2	0.6333495	0.179693888889	-0.82791095679
32.25	0.6412385	0.128815555556	-1.05753040123
32.3	0.646555	0.0690763888889	-1.18117978395
32.35	0.647927	0.0103852777778	-1.27116435185
32.4	0.6480985	-0.0575477777778	-1.33277731481
32.45	0.6426105	-0.131673888889	-1.20341126543
32.5	0.6340355	-0.187316111111	-0.865810339506
32.55	0.6230595	-0.222473611111	-0.413823148148
32.6	0.6107115	-0.230572222222	0.0842679012346
32.65	0.598878	-0.2118025	0.532443981482
32.7	0.5887595	-0.172738611111	0.873538425926
32.75	0.581042	-0.119764166667	1.09998194444
32.8	0.5764115	-0.0575477777778	1.21108641975
32.85	0.575554	0.00247722222222	1.27275231481
32.9	0.57624	0.0698386111111	1.29376635802
32.95	0.5822425	0.140248888889	1.13100015432
33	0.5911605	0.191698888889	0.775772839506
33.05	0.602308	0.221330277778	0.322727006173
33.1	0.614313	0.224950833333	-0.159643209877
33.15	0.6258035	0.203799166667	-0.603108333333
33.2	0.635579	0.160828888889	-0.956641820988
33.25	0.642439	0.103281111111	-1.19319537037
33.3	0.646212	0.0373488888889	-1.31912083333
33.35	0.6463835	-0.0331566666667	-1.32647839506
33.4	0.642782	-0.100613333333	-1.20341126543
33.45	0.635922	-0.158351666667	-0.95912962963
33.5	0.626318	-0.200273888889	-0.617558796296
33.55	0.6151705	-0.223235833333	-0.201724228395
33.6	0.602994	-0.221901944444	0.245287345679
33.65	0.592018	-0.196939166667	0.653976080247
33.7	0.5825855	-0.153301944444	0.985172222222
33.75	0.5760685	-0.0944202777778	1.21637962963
33.8	0.57281	-0.0269636111111	1.33447114198
33.85	0.5733245	0.0425891666667	1.35892577161
33.9	0.5770975	0.111951388889	1.28884367284
33.95	0.5846435	0.176263888889	1.08373179012
34	0.5949335	0.230476944444	0.667262037037
34.05	0.6093395	0.250104166667	0.105546604938
34.1	0.621516	0.234478611111	-0.358720833333
34.15	0.6326635	0.211516666667	-0.75846404321
34.2	0.6439825	0.160161944444	-1.14518595679
34.25	0.649642	0.0887988888889	-1.3633191358
34.3	0.6525575	0.0180075	-1.44277021605
34.35	0.6517	-0.0573572222222	-1.43308364198
34.4	0.6470695	-0.133484166667	-1.24623333333
34.45	0.637294	-0.189126388889	-0.903497993827
34.5	0.6271755	-0.222187777778	-0.545253549383
34.55	0.6151705	-0.247912777778	-0.0954895061729
34.6	0.6007645	-0.238289722222	0.458603703704
34.65	0.5897885	-0.195319444444	0.884018981482
34.7	0.581042	-0.141868611111	1.14095138889
34.75	0.575211	-0.0779372222222	1.29291944444
34.8	0.5729815	-0.00867027777778	1.33822932099
34.85	0.5743535	0.0605013888889	1.27116435185
34.9	0.579327	0.122717777778	1.09458287037
34.95	0.5870445	0.173786666667	0.8189125
35	0.5973345	0.208563055556	0.449975771605
35.05	0.608825	0.221044444444	0.0260425925926
35.1	0.6203155	0.211135555556	-0.399902006173
35.15	0.630777	0.179884444444	-0.790382098766
35.2	0.6391805	0.128148611111	-1.08611373457
35.25	0.6439825	0.0656463888889	-1.25105015432
35.3	0.645869	-0.00104805555556	-1.30530555556
35.35	0.6439825	-0.0692669444444	-1.243375
35.4	0.638666	-0.130530555556	-1.05498966049
35.45	0.630434	-0.179408055556	-0.74988904321
35.5	0.6199725	-0.209420555556	-0.345011419753
35.55	0.6086535	-0.2169475	0.124019907407
35.6	0.597163	-0.197796666667	0.590722222222
35.65	0.587559	-0.150634166667	0.90767962963
35.7	0.582071	-0.0982313888889	1.04519722222
35.75	0.577955	-0.0464955555556	1.15280817901
35.8	0.5767545	0.0169594444444	1.2306712963
35.85	0.5794985	0.0828916666667	1.1749337963
35.9	0.585501	0.139963055556	0.986019135803
35.95	0.5939045	0.185505833333	0.685311882716
36	0.604709	0.213612777778	0.266036728395
36.05	0.616371	0.214851388889	-0.210246296296
36.1	0.6271755	0.191794166667	-0.656569753086
36.15	0.6367795	0.142154444444	-0.953730555556
36.2	0.64141	0.0879413888889	-1.07367469136
36.25	0.6453545	0.0349669444444	-1.16122438272
36.3	0.645526	-0.0287738888889	-1.20849274691
36.35	0.642439	-0.0913713888889	-1.1362933642
36.4	0.6360935	-0.147394722222	-0.943938117284
36.45	0.6271755	-0.190079166667	-0.641219444445
36.5	0.616371	-0.214660833333	-0.259314351852
36.55	0.6048805	-0.218090833333	0.169170987654
36.6	0.5935615	-0.197415555556	0.5873875
36.65	0.5843005	-0.155969722222	0.929170061729
36.7	0.5774405	-0.100422777778	1.16969351852
36.75	0.573839	-0.0345858333333	1.29434861111
36.8	0.573839	0.0343952777778	1.28582654321
36.85	0.5774405	0.09947	1.14566234568
36.9	0.5843005	0.152730277778	0.90593287037
36.95	0.5932185	0.192556388889	0.594745061728
37	0.6041945	0.215327777778	0.212734104938
37.05	0.615685	0.215518333333	-0.202200617284
37.1	0.626661	0.193413888889	-0.577806790124
37.15	0.6357505	0.153683055556	-0.865492746914
37.2	0.642439	0.102614166667	-1.06160617284
37.25	0.6460405	0.0471625	-1.22405478395
37.3	0.6477555	-0.0202941666667	-1.33907623457
37.35	0.644497	-0.0955636111111	-1.26121311728
37.4	0.6374655	-0.155969722222	-0.974691666667
37.45	0.628033	-0.1963675	-0.588499074074
37.5	0.617057	-0.215899444444	-0.163877777778
37.55	0.6055665	-0.213231666667	0.264872222222
37.6	0.594762	-0.187220833333	0.638308179012
37.65	0.586187	-0.145012777778	0.914613734568
37.7	0.5798415	-0.0913713888889	1.09474166667
37.75	0.5770975	-0.0349669444444	1.23321203704
37.8	0.5757255	0.0329661111111	1.31372175926
37.85	0.580013	0.10633	1.18509675926
37.9	0.5873875	0.159495	0.877296604938
37.95	0.5966485	0.195414722222	0.507830555556
38	0.6076245	0.211897777778	0.0945367283951
38.05	0.618772	0.205609444444	-0.32929058642
38.1	0.629062	0.177597777778	-0.718764969136
38.15	0.637294	0.130435277778	-1.02709444444
38.2	0.6426105	0.0704102777778	-1.2219904321
38.25	0.6446685	0.00266777777778	-1.28032160494
38.3	0.642782	-0.0633597222222	-1.19954722222
38.35	0.63798	-0.121193333333	-1.01444367284
38.4	0.6302625	-0.168165277778	-0.741525771605
38.45	0.620487	-0.198273055556	-0.397520061728
38.5	0.6096825	-0.209515833333	-0.0130212962963
38.55	0.5987065	-0.199892777778	0.380475925926
38.6	0.588931	-0.1706425	0.7503125
38.65	0.5808705	-0.1226225	1.06134151235
38.7	0.5760685	-0.0601202777778	1.27031743827
38.75	0.5746965	0.00867027777778	1.3636367284
38.8	0.5767545	0.0805097222222	1.32774876543
38.85	0.5825855	0.151586944444	1.07378055556
38.9	0.5932185	0.195605277778	0.660645524691
38.95	0.603337	0.213898611111	0.288903395062
39	0.6148275	0.221139722222	-0.0399108024691
39.05	0.6258035	0.215137222222	-0.457227469136
39.1	0.637637	0.180075	-0.941397376543
39.15	0.645183	0.115190833333	-1.2949308642
39.2	0.649642	0.0383016666667	-1.39169074074
39.25	0.648613	-0.032585	-1.29434861111
39.3	0.6456975	-0.0906091666667	-1.16387098765
39.35	0.639695	-0.147871111111	-1.01412608025
39.4	0.6309485	-0.200369166667	-0.695157253087
39.45	0.618429	-0.226189444444	-0.20839367284
39.5	0.606767	-0.218471944444	0.243170061728
39.55	0.596134	-0.195414722222	0.576377623457
39.6	0.586873	-0.160161944444	0.869356790124
39.65	0.579327	-0.107759166667	1.12014907407
39.7	0.575554	-0.0429702777778	1.25417314815
39.75	0.5750395	0.0232477777778	1.25381320988
39.8	0.577955	0.0870838888889	1.13195822531
39.85	0.584129	0.141296944444	0.898749984567
39.9	0.592704	0.179046	0.636344398146
39.95	0.6028225	0.201274305555	0.434371388885
40	0.6137985	0.213041111111	0.310700833329
